[61, 109, 29, ]
[58, 79, 59, 107, 11, ]
[56, 104, 40, 96, 36, 100, 52, ]
[53, 101, 37, 93, 33, 97, 49, ]
[11, 67, 9, 105, 25, ]
[6, 102, 22, 90, 26, ]
[48, 112, 32, 96, 36, ]
[45, 76, 46, 110, 30, 90, 22, ]
[45, 76, 46, 110, 14, 82, 2, ]
[54, 78, 56, 104, 24, 92, 28, ]
[16, 88, 24, ]
[33, 73, 36, ]
[25, 71, 28, 96, 36, ]
[9, 85, 21, 101, 53, ]
[59, 79, 58, 106, 42, ]
[54, 78, 53, 101, 37, 93, 25, ]
[25, 71, 27, 91, 31, ]
[56, 104, 24, 88, 16, ]
[36, 73, 33, 97, 1, ]
[63, 80, 64, 112, 16, 84, 12, ]
[43, 75, 42, 106, 26, 94, 38, ]
[52, 77, 51, 99, 19, 91, 31, ]
[28, 71, 27, 95, 35, 99, 3, ]
[48, 76, 45, 109, 29, 93, 37, ]
[25, 93, 33, ]
[55, 78, 56, 104, 8, 84, 4, ]
[64, 80, 62, ]
[23, 91, 31, ]
[38, 74, 37, 101, 5, ]
[26, 90, 30, 110, 46, ]
[43, 75, 44, ]
[29, 72, 31, 95, 35, ]
[4, 84, 8, ]
[40, 74, 37, 101, 5, ]
[45, 76, 48, 112, 64, ]
Runtime (mS): 47
Value bandwidth: 234.51999999999956