[54, 102, 38, 94, 30, 110, 62, ]
[33, 73, 34, 94, 38, 102, 54, ]
[37, 74, 40, 96, 32, 112, 16, ]
[14, 68, 16, 84, 12, ]
[17, 69, 18, 90, 26, ]
[18, 69, 17, 89, 25, ]
[32, 112, 48, ]
[48, 76, 47, 111, 31, 91, 19, 99, 51, ]
[51, 77, 52, 100, 36, 96, 40, ]
[18, 69, 17, 85, 21, 101, 53, ]
[40, 74, 39, 95, 35, 99, 51, ]
[14, 68, 13, 85, 17, 89, 25, ]
[22, 70, 23, 91, 31, ]
[9, 81, 13, 109, 61, ]
[17, 97, 33, ]
[46, 76, 47, 111, 31, 95, 35, ]
[44, 108, 12, 84, 16, 112, 64, ]
[6, 66, 5, 81, 9, 105, 41, ]
[17, 69, 20, 92, 28, 108, 44, ]
[7, 83, 3, 99, 35, ]
[29, 72, 31, 91, 23, ]
[9, 67, 10, 106, 58, ]
[56, 78, 54, 102, 22, 86, 14, 110, 62, ]
[63, 111, 31, ]
[53, 78, 55, ]
Runtime (mS): 37
Value bandwidth: 197.11999999999972