[3, 65, 4, 84, 16, 112, 64, ]
[3, 65, 4, 100, 20, 88, 24, ]
[59, 79, 58, 106, 26, 90, 22, 102, 54, ]
[3, 83, 11, 107, 43, ]
[56, 104, 40, 96, 32, ]
[17, 69, 19, 87, 15, 111, 63, ]
[53, 78, 55, 103, 23, 87, 15, 111, 63, ]
[42, 75, 41, 105, 25, ]
[47, 76, 46, 110, 30, 90, 26, 106, 58, ]
[10, 67, 9, 105, 41, ]
[38, 74, 37, 93, 25, 105, 41, ]
[7, 66, 8, 84, 12, ]
[56, 78, 53, 101, 5, 81, 1, 97, 49, ]
[58, 79, 59, 107, 11, 83, 15, ]
[4, 100, 20, 88, 24, ]
[64, 80, 61, 109, 13, 81, 1, ]
[11, 67, 9, ]
[14, 68, 13, 85, 17, ]
[35, 73, 36, 96, 32, 112, 16, ]
[33, 73, 34, 94, 30, 110, 62, ]
[20, 92, 28, ]
[1, 65, 2, 82, 10, 106, 58, ]
[28, 71, 27, 95, 35, 99, 51, ]
[62, 80, 61, 109, 29, 89, 25, ]
[55, 103, 39, ]
[16, 68, 13, 81, 5, 101, 53, ]
[47, 76, 45, 109, 29, ]
[29, 72, 30, 90, 26, 106, 42, ]
[22, 70, 24, 88, 20, 100, 36, ]
[6, 66, 5, 101, 37, 93, 33, ]
[27, 71, 25, 89, 21, 101, 5, ]
[62, 80, 61, 109, 13, 81, 9, 105, 57, ]
[9, 67, 12, 88, 24, ]
[16, 68, 14, 110, 62, ]
[4, 84, 8, 104, 56, ]
[15, 68, 13, 85, 17, 97, 49, ]
[49, 77, 51, 99, 19, ]
[44, 75, 42, 106, 26, 90, 22, 102, 54, ]
[31, 91, 27, 107, 59, ]
[27, 71, 28, 108, 60, ]
[7, 83, 15, ]
[62, 80, 64, 112, 32, ]
[37, 74, 40, ]
[43, 75, 42, 106, 26, 90, 22, 102, 54, ]
[33, 73, 36, 96, 32, 112, 16, ]
Runtime (mS): 47
Value bandwidth: 368.27999999999946