[44, 108, 12, 84, 16, ]
[53, 101, 21, 85, 17, ]
[46, 76, 45, 109, 29, 93, 37, 101, 53, ]
[48, 112, 32, 92, 28, ]
[11, 67, 12, 84, 16, ]
[49, 77, 51, 99, 19, 87, 11, ]
[53, 78, 56, 104, 24, 92, 20, ]
[45, 76, 46, 110, 30, ]
[36, 73, 34, 94, 26, ]
[19, 69, 18, 86, 22, 102, 54, ]
[34, 73, 36, 100, 4, ]
[15, 68, 16, 84, 8, ]
[17, 69, 19, ]
[23, 70, 21, 101, 5, ]
[46, 76, 47, 111, 15, 83, 3, ]
[12, 67, 10, 106, 26, ]
[60, 108, 28, 92, 20, ]
[3, 99, 51, ]
[16, 68, 14, 110, 46, ]
[13, 109, 29, 93, 33, ]
Runtime (mS): 63
Value bandwidth: 138.16000000000003