[2, 65, 1, 97, 17, 85, 21, ]
[5, 66, 6, 82, 2, ]
[10, 67, 9, 85, 21, ]
[51, 77, 49, 97, 33, ]
[3, 65, 2, 98, 34, 94, 38, ]
[10, 67, 9, 85, 17, 97, 49, ]
[10, 67, 11, 107, 27, ]
[64, 80, 63, 111, 31, ]
[19, 69, 17, 85, 9, 81, 5, ]
[27, 71, 25, ]
[33, 93, 25, 89, 21, ]
[54, 102, 38, 94, 30, ]
[24, 70, 23, 103, 55, ]
[14, 68, 13, 81, 5, ]
[5, 66, 7, 103, 23, 91, 19, ]
[44, 75, 43, 107, 27, 95, 35, ]
[12, 67, 10, 106, 26, ]
[59, 107, 11, 83, 7, 103, 55, ]
[1, 97, 17, ]
[32, 72, 31, 91, 27, 107, 11, ]
[59, 107, 27, 91, 23, ]
[51, 99, 35, 95, 39, ]
[45, 76, 48, 112, 32, 96, 36, ]
[48, 76, 45, 109, 29, 93, 37, ]
[55, 78, 54, 102, 6, 82, 2, ]
[10, 67, 12, 108, 28, ]
[64, 80, 61, 109, 29, 93, 33, ]
[2, 65, 1, 81, 5, 101, 53, ]
[35, 95, 31, 111, 47, ]
[28, 108, 60, ]
[56, 78, 55, 103, 23, ]
[39, 95, 35, ]
[17, 69, 19, 99, 3, ]
[35, 73, 34, 98, 18, ]
[49, 77, 51, 99, 35, 95, 39, 103, 55, ]
[11, 87, 23, 103, 39, ]
[54, 102, 38, 94, 26, ]
[11, 67, 12, 88, 20, 100, 52, ]
[22, 86, 18, 98, 50, ]
[32, 72, 31, 95, 35, 99, 3, ]
Runtime (mS): 69
Value bandwidth: 298.3199999999993