[2, 65, 1, 81, 13, ]
[41, 75, 43, ]
[57, 79, 58, ]
[29, 72, 32, 112, 48, ]
[2, 65, 1, 97, 17, ]
[2, 65, 3, 99, 19, 91, 31, ]
[40, 74, 38, 94, 26, 106, 58, ]
[60, 79, 59, 107, 27, 91, 31, ]
[28, 92, 32, ]
[11, 83, 7, ]
[2, 65, 1, 81, 5, 101, 53, ]
[10, 67, 9, 81, 13, 109, 61, ]
[60, 79, 57, 105, 25, 93, 37, ]
[40, 74, 39, 95, 27, 107, 11, ]
[9, 67, 10, 106, 58, ]
[31, 91, 19, 99, 51, ]
[51, 77, 50, 98, 18, 86, 22, ]
[48, 76, 45, 109, 29, 89, 25, ]
[4, 65, 2, 98, 34, ]
[31, 72, 30, 110, 14, ]
[44, 75, 43, 107, 27, 91, 23, ]
[32, 92, 20, ]
[18, 86, 10, 106, 42, ]
[7, 66, 6, 82, 10, ]
[18, 69, 19, 87, 15, 111, 63, ]
[3, 83, 15, 111, 63, ]
[50, 98, 34, 94, 30, 110, 46, ]
[63, 111, 47, ]
[27, 71, 28, 108, 60, ]
[15, 68, 13, 109, 29, ]
Runtime (mS): 48
Value bandwidth: 203.2799999999997