number of function:5
1: 0.0
2: 0.0
3: 0.0
4: 0.0
5: 0.0
number of Demand:8
1: 18: 47: 100.0: 13.0: 3 : 2    4    5    
2: 47: 3: 50.0: 13.0: 3 : 5    1    3    
3: 1: 40: 100.0: 13.0: 5 : 5    1    2    4    3    
4: 22: 12: 50.0: 13.0: 2 : 4    2    
5: 43: 1: 50.0: 13.0: 2 : 4    1    
6: 26: 6: 50.0: 13.0: 3 : 2    5    4    
7: 28: 41: 100.0: 13.0: 4 : 4    1    5    2    
8: 37: 7: 50.0: 13.0: 2 : 2    4    
virtual node:50
0.0 0.0 0.0 0.0 0.0 0.0 0.0 500.0 0.0 0.0 0.0 0.0 0.0 0.0 1200.0 0.0 0.0 0.0 0.0 0.0 0.0 0.0 0.0 0.0 0.0 0.0 0.0 0.0 600.0 0.0 0.0 0.0 0.0 0.0 0.0 0.0 0.0 0.0 0.0 0.0 0.0 0.0 0.0 500.0 0.0 0.0 0.0 0.0 0.0 0.0 
0.0 0.0 0.0 0.0 0.0 0.0 0.0 1200.0 0.0 0.0 0.0 0.0 0.0 0.0 0.0 0.0 0.0 0.0 0.0 0.0 0.0 0.0 0.0 0.0 0.0 500.0 0.0 0.0 0.0 0.0 0.0 0.0 0.0 0.0 0.0 0.0 0.0 0.0 0.0 0.0 0.0 0.0 0.0 0.0 0.0 0.0 0.0 0.0 0.0 0.0 
0.0 0.0 0.0 500.0 0.0 0.0 0.0 0.0 0.0 0.0 0.0 500.0 0.0 0.0 0.0 0.0 0.0 0.0 0.0 0.0 0.0 0.0 0.0 0.0 0.0 0.0 0.0 0.0 0.0 0.0 0.0 0.0 0.0 0.0 0.0 0.0 0.0 0.0 0.0 0.0 0.0 0.0 0.0 0.0 0.0 0.0 0.0 0.0 0.0 0.0 
0.0 0.0 0.0 0.0 0.0 0.0 0.0 0.0 0.0 0.0 0.0 0.0 0.0 0.0 0.0 0.0 0.0 0.0 0.0 0.0 0.0 0.0 0.0 0.0 0.0 0.0 0.0 0.0 0.0 0.0 0.0 0.0 0.0 0.0 0.0 0.0 0.0 0.0 0.0 0.0 0.0 0.0 0.0 0.0 0.0 0.0 0.0 0.0 0.0 0.0 
0.0 0.0 0.0 0.0 0.0 0.0 0.0 0.0 0.0 0.0 0.0 0.0 0.0 0.0 0.0 0.0 0.0 0.0 0.0 0.0 0.0 0.0 0.0 0.0 0.0 0.0 500.0 0.0 0.0 0.0 0.0 0.0 0.0 0.0 0.0 0.0 0.0 500.0 0.0 0.0 0.0 500.0 0.0 1200.0 0.0 0.0 0.0 0.0 0.0 0.0 
0.0 0.0 0.0 0.0 0.0 0.0 0.0 0.0 0.0 0.0 0.0 0.0 0.0 0.0 0.0 0.0 0.0 1200.0 0.0 0.0 0.0 0.0 0.0 0.0 0.0 0.0 0.0 0.0 0.0 0.0 0.0 600.0 0.0 0.0 1200.0 0.0 0.0 0.0 0.0 1200.0 0.0 0.0 1200.0 0.0 0.0 0.0 0.0 0.0 0.0 0.0 
0.0 0.0 0.0 0.0 0.0 0.0 0.0 0.0 0.0 0.0 0.0 0.0 0.0 0.0 0.0 0.0 0.0 0.0 0.0 0.0 0.0 0.0 0.0 0.0 0.0 0.0 0.0 0.0 0.0 0.0 0.0 0.0 0.0 0.0 0.0 0.0 0.0 0.0 0.0 0.0 0.0 0.0 0.0 0.0 0.0 0.0 0.0 0.0 0.0 0.0 
0.0 0.0 0.0 0.0 0.0 0.0 0.0 0.0 0.0 0.0 0.0 0.0 0.0 0.0 0.0 0.0 0.0 0.0 0.0 0.0 0.0 0.0 0.0 0.0 0.0 0.0 0.0 0.0 0.0 0.0 0.0 0.0 0.0 0.0 0.0 0.0 1200.0 0.0 0.0 0.0 0.0 0.0 0.0 0.0 0.0 0.0 0.0 0.0 0.0 0.0 
0.0 0.0 0.0 0.0 0.0 0.0 0.0 0.0 0.0 0.0 0.0 0.0 0.0 0.0 0.0 1200.0 0.0 0.0 0.0 0.0 0.0 0.0 0.0 0.0 0.0 0.0 0.0 600.0 500.0 0.0 0.0 0.0 0.0 0.0 0.0 0.0 0.0 0.0 0.0 0.0 500.0 0.0 0.0 0.0 0.0 0.0 0.0 0.0 0.0 0.0 
0.0 0.0 0.0 0.0 0.0 0.0 0.0 0.0 0.0 0.0 0.0 0.0 0.0 0.0 0.0 0.0 0.0 0.0 0.0 0.0 0.0 0.0 500.0 500.0 0.0 0.0 0.0 0.0 0.0 0.0 600.0 0.0 0.0 0.0 0.0 0.0 0.0 0.0 0.0 0.0 0.0 0.0 0.0 0.0 0.0 0.0 0.0 0.0 0.0 0.0 
0.0 0.0 0.0 0.0 0.0 0.0 0.0 0.0 0.0 0.0 0.0 0.0 0.0 0.0 0.0 0.0 0.0 0.0 0.0 0.0 0.0 0.0 0.0 0.0 0.0 0.0 0.0 0.0 0.0 0.0 0.0 0.0 0.0 0.0 0.0 0.0 0.0 0.0 0.0 0.0 0.0 0.0 0.0 0.0 0.0 0.0 0.0 0.0 0.0 0.0 
0.0 0.0 0.0 0.0 0.0 0.0 0.0 0.0 0.0 0.0 0.0 0.0 0.0 0.0 0.0 0.0 0.0 0.0 0.0 0.0 0.0 0.0 0.0 0.0 0.0 0.0 0.0 0.0 0.0 0.0 0.0 0.0 0.0 0.0 0.0 0.0 0.0 0.0 0.0 0.0 1200.0 0.0 1200.0 0.0 0.0 0.0 0.0 0.0 0.0 0.0 
0.0 0.0 0.0 0.0 500.0 0.0 0.0 0.0 0.0 0.0 0.0 0.0 0.0 0.0 0.0 0.0 0.0 600.0 0.0 0.0 0.0 0.0 500.0 0.0 0.0 0.0 0.0 0.0 0.0 0.0 0.0 0.0 0.0 0.0 0.0 0.0 0.0 0.0 600.0 0.0 0.0 0.0 0.0 0.0 0.0 0.0 0.0 0.0 0.0 0.0 
0.0 0.0 0.0 0.0 0.0 0.0 0.0 0.0 0.0 0.0 0.0 0.0 0.0 0.0 0.0 0.0 0.0 0.0 0.0 0.0 0.0 0.0 0.0 0.0 0.0 0.0 0.0 0.0 0.0 0.0 0.0 0.0 0.0 0.0 0.0 0.0 0.0 600.0 0.0 0.0 0.0 0.0 0.0 0.0 0.0 0.0 0.0 0.0 600.0 1200.0 
0.0 0.0 0.0 0.0 0.0 1200.0 0.0 0.0 0.0 0.0 0.0 0.0 0.0 0.0 0.0 1200.0 0.0 0.0 0.0 0.0 0.0 0.0 0.0 0.0 0.0 0.0 0.0 0.0 0.0 0.0 0.0 0.0 0.0 0.0 0.0 0.0 0.0 0.0 0.0 0.0 0.0 0.0 0.0 600.0 0.0 0.0 0.0 0.0 0.0 0.0 
0.0 0.0 0.0 0.0 0.0 0.0 0.0 0.0 0.0 0.0 0.0 0.0 0.0 0.0 0.0 0.0 0.0 0.0 0.0 0.0 0.0 0.0 0.0 0.0 0.0 0.0 0.0 0.0 0.0 0.0 0.0 0.0 0.0 0.0 0.0 0.0 0.0 0.0 0.0 0.0 0.0 0.0 0.0 0.0 0.0 0.0 0.0 0.0 0.0 0.0 
0.0 0.0 0.0 0.0 0.0 1200.0 0.0 0.0 0.0 0.0 0.0 0.0 0.0 0.0 0.0 0.0 0.0 0.0 0.0 0.0 0.0 0.0 0.0 0.0 0.0 0.0 0.0 600.0 0.0 0.0 600.0 0.0 0.0 0.0 0.0 0.0 0.0 0.0 0.0 0.0 0.0 0.0 0.0 0.0 0.0 0.0 0.0 0.0 0.0 0.0 
0.0 0.0 0.0 0.0 600.0 0.0 500.0 0.0 500.0 0.0 0.0 0.0 0.0 0.0 600.0 0.0 0.0 0.0 0.0 0.0 0.0 0.0 0.0 0.0 0.0 0.0 0.0 0.0 0.0 0.0 0.0 0.0 0.0 0.0 0.0 0.0 0.0 0.0 0.0 0.0 0.0 0.0 0.0 0.0 0.0 0.0 0.0 0.0 0.0 0.0 
0.0 0.0 0.0 0.0 0.0 0.0 0.0 0.0 0.0 0.0 0.0 0.0 0.0 0.0 0.0 0.0 0.0 0.0 0.0 0.0 0.0 0.0 0.0 0.0 0.0 0.0 0.0 0.0 0.0 0.0 0.0 0.0 0.0 0.0 0.0 0.0 0.0 0.0 0.0 0.0 0.0 0.0 0.0 0.0 0.0 0.0 0.0 0.0 0.0 0.0 
0.0 0.0 0.0 0.0 0.0 0.0 0.0 0.0 0.0 0.0 0.0 0.0 0.0 0.0 0.0 0.0 0.0 0.0 0.0 0.0 0.0 0.0 0.0 0.0 0.0 0.0 0.0 0.0 0.0 0.0 0.0 0.0 0.0 1200.0 0.0 0.0 0.0 500.0 0.0 0.0 0.0 0.0 0.0 0.0 0.0 0.0 0.0 0.0 0.0 0.0 
0.0 0.0 0.0 0.0 0.0 0.0 0.0 0.0 0.0 0.0 0.0 0.0 0.0 0.0 0.0 0.0 0.0 0.0 0.0 0.0 0.0 0.0 0.0 0.0 0.0 1200.0 0.0 0.0 0.0 0.0 0.0 0.0 0.0 0.0 0.0 0.0 0.0 0.0 0.0 0.0 0.0 0.0 0.0 0.0 0.0 1200.0 0.0 0.0 0.0 0.0 
0.0 0.0 0.0 0.0 0.0 0.0 0.0 500.0 0.0 0.0 0.0 0.0 0.0 0.0 0.0 0.0 0.0 0.0 0.0 0.0 0.0 0.0 0.0 0.0 0.0 0.0 0.0 0.0 0.0 0.0 0.0 0.0 0.0 0.0 0.0 600.0 0.0 0.0 0.0 0.0 600.0 0.0 0.0 0.0 0.0 0.0 0.0 0.0 0.0 1200.0 
0.0 0.0 0.0 0.0 0.0 0.0 0.0 0.0 0.0 0.0 0.0 0.0 0.0 0.0 0.0 0.0 0.0 0.0 0.0 0.0 0.0 0.0 0.0 0.0 0.0 0.0 0.0 0.0 0.0 0.0 0.0 0.0 0.0 0.0 0.0 0.0 0.0 0.0 0.0 0.0 0.0 0.0 0.0 0.0 0.0 0.0 0.0 0.0 0.0 0.0 
0.0 0.0 0.0 0.0 0.0 0.0 0.0 0.0 0.0 0.0 0.0 0.0 600.0 0.0 0.0 0.0 1200.0 0.0 0.0 0.0 0.0 0.0 0.0 0.0 0.0 0.0 0.0 0.0 0.0 0.0 0.0 0.0 0.0 0.0 0.0 0.0 0.0 600.0 1200.0 0.0 0.0 0.0 0.0 0.0 0.0 0.0 0.0 0.0 0.0 0.0 
0.0 0.0 0.0 0.0 0.0 0.0 0.0 1200.0 0.0 0.0 0.0 0.0 0.0 0.0 0.0 0.0 0.0 0.0 0.0 0.0 0.0 0.0 0.0 0.0 0.0 0.0 0.0 0.0 0.0 0.0 0.0 0.0 0.0 0.0 0.0 0.0 0.0 0.0 0.0 0.0 0.0 0.0 0.0 0.0 0.0 0.0 0.0 0.0 0.0 0.0 
600.0 0.0 0.0 0.0 0.0 0.0 0.0 0.0 0.0 0.0 0.0 0.0 0.0 0.0 0.0 0.0 1200.0 0.0 0.0 0.0 500.0 600.0 0.0 0.0 0.0 0.0 0.0 0.0 0.0 0.0 0.0 0.0 0.0 0.0 0.0 0.0 0.0 0.0 0.0 0.0 0.0 0.0 0.0 600.0 0.0 0.0 0.0 0.0 0.0 0.0 
0.0 0.0 0.0 0.0 0.0 0.0 0.0 0.0 0.0 0.0 0.0 0.0 0.0 0.0 0.0 1200.0 0.0 0.0 0.0 0.0 0.0 0.0 0.0 0.0 0.0 500.0 0.0 0.0 0.0 1200.0 0.0 0.0 0.0 0.0 0.0 0.0 0.0 0.0 0.0 0.0 0.0 0.0 0.0 0.0 0.0 0.0 0.0 0.0 0.0 0.0 
0.0 0.0 0.0 0.0 0.0 0.0 0.0 0.0 0.0 0.0 0.0 0.0 0.0 0.0 500.0 0.0 0.0 0.0 0.0 0.0 0.0 0.0 0.0 0.0 0.0 0.0 0.0 0.0 0.0 0.0 0.0 0.0 0.0 0.0 0.0 0.0 0.0 0.0 0.0 0.0 0.0 0.0 0.0 0.0 0.0 0.0 0.0 0.0 0.0 0.0 
0.0 0.0 600.0 0.0 0.0 0.0 0.0 0.0 0.0 0.0 0.0 0.0 0.0 0.0 0.0 0.0 0.0 0.0 0.0 0.0 0.0 0.0 0.0 0.0 0.0 0.0 0.0 0.0 0.0 0.0 0.0 0.0 0.0 0.0 0.0 0.0 0.0 0.0 0.0 0.0 0.0 0.0 0.0 0.0 0.0 0.0 0.0 0.0 0.0 0.0 
0.0 0.0 0.0 0.0 0.0 0.0 0.0 0.0 0.0 0.0 0.0 0.0 0.0 0.0 0.0 0.0 0.0 0.0 0.0 0.0 0.0 0.0 0.0 0.0 0.0 0.0 0.0 0.0 0.0 0.0 0.0 0.0 0.0 0.0 0.0 0.0 0.0 0.0 0.0 500.0 0.0 500.0 0.0 0.0 0.0 0.0 0.0 0.0 600.0 1200.0 
0.0 0.0 0.0 0.0 0.0 0.0 0.0 0.0 0.0 0.0 0.0 0.0 0.0 0.0 0.0 0.0 0.0 0.0 0.0 0.0 0.0 0.0 0.0 0.0 0.0 0.0 0.0 0.0 0.0 0.0 0.0 0.0 0.0 0.0 500.0 0.0 0.0 0.0 0.0 0.0 0.0 0.0 0.0 0.0 0.0 0.0 0.0 0.0 0.0 0.0 
0.0 0.0 0.0 0.0 0.0 0.0 0.0 0.0 0.0 0.0 0.0 0.0 0.0 0.0 0.0 0.0 0.0 0.0 0.0 0.0 0.0 0.0 0.0 0.0 0.0 0.0 0.0 0.0 0.0 0.0 0.0 0.0 0.0 0.0 0.0 0.0 0.0 0.0 0.0 0.0 0.0 0.0 0.0 0.0 0.0 0.0 0.0 0.0 0.0 0.0 
600.0 0.0 0.0 0.0 0.0 0.0 0.0 0.0 0.0 0.0 0.0 0.0 0.0 0.0 0.0 0.0 0.0 0.0 0.0 0.0 0.0 0.0 0.0 0.0 0.0 0.0 0.0 0.0 0.0 0.0 0.0 0.0 0.0 0.0 0.0 0.0 0.0 0.0 0.0 0.0 0.0 0.0 0.0 0.0 0.0 0.0 0.0 0.0 0.0 0.0 
0.0 0.0 0.0 0.0 0.0 0.0 0.0 0.0 0.0 0.0 0.0 0.0 0.0 0.0 0.0 0.0 0.0 0.0 0.0 0.0 0.0 0.0 0.0 0.0 0.0 0.0 0.0 0.0 0.0 0.0 0.0 0.0 0.0 0.0 0.0 0.0 0.0 0.0 0.0 0.0 0.0 0.0 0.0 0.0 0.0 0.0 0.0 0.0 0.0 0.0 
0.0 0.0 0.0 0.0 0.0 0.0 0.0 0.0 0.0 0.0 0.0 0.0 0.0 0.0 0.0 0.0 0.0 0.0 0.0 0.0 0.0 0.0 0.0 0.0 0.0 0.0 0.0 0.0 0.0 0.0 0.0 0.0 0.0 0.0 0.0 0.0 0.0 0.0 0.0 0.0 0.0 0.0 600.0 0.0 0.0 0.0 0.0 0.0 0.0 0.0 
600.0 0.0 0.0 0.0 0.0 0.0 0.0 0.0 500.0 0.0 0.0 0.0 0.0 0.0 0.0 0.0 0.0 0.0 0.0 0.0 0.0 600.0 0.0 0.0 0.0 0.0 0.0 1200.0 0.0 0.0 0.0 0.0 0.0 0.0 0.0 0.0 0.0 0.0 0.0 0.0 0.0 0.0 0.0 0.0 0.0 0.0 0.0 0.0 0.0 0.0 
0.0 0.0 0.0 0.0 0.0 0.0 0.0 0.0 0.0 0.0 0.0 0.0 0.0 0.0 0.0 0.0 0.0 0.0 600.0 0.0 0.0 0.0 0.0 0.0 0.0 0.0 600.0 0.0 0.0 0.0 0.0 0.0 0.0 0.0 0.0 0.0 0.0 0.0 0.0 0.0 0.0 0.0 0.0 0.0 0.0 0.0 0.0 0.0 0.0 0.0 
0.0 0.0 0.0 0.0 0.0 0.0 0.0 0.0 600.0 0.0 0.0 0.0 0.0 0.0 0.0 0.0 0.0 600.0 0.0 0.0 0.0 0.0 0.0 0.0 0.0 0.0 500.0 0.0 0.0 0.0 0.0 0.0 0.0 0.0 0.0 0.0 0.0 0.0 0.0 0.0 1200.0 0.0 0.0 0.0 0.0 0.0 0.0 0.0 0.0 0.0 
0.0 0.0 0.0 0.0 0.0 0.0 0.0 0.0 0.0 0.0 0.0 0.0 0.0 0.0 0.0 0.0 0.0 0.0 0.0 0.0 0.0 0.0 0.0 0.0 0.0 0.0 0.0 0.0 0.0 0.0 0.0 0.0 0.0 0.0 0.0 0.0 0.0 0.0 0.0 0.0 0.0 0.0 0.0 0.0 0.0 0.0 0.0 0.0 0.0 0.0 
600.0 0.0 0.0 0.0 0.0 0.0 0.0 0.0 0.0 600.0 0.0 0.0 0.0 0.0 0.0 0.0 0.0 0.0 0.0 0.0 0.0 0.0 0.0 0.0 0.0 0.0 0.0 0.0 0.0 0.0 0.0 0.0 0.0 0.0 0.0 0.0 0.0 0.0 0.0 0.0 0.0 1200.0 0.0 0.0 0.0 0.0 0.0 0.0 0.0 0.0 
0.0 0.0 0.0 0.0 0.0 0.0 0.0 0.0 0.0 0.0 0.0 0.0 0.0 0.0 0.0 0.0 0.0 0.0 0.0 0.0 0.0 0.0 0.0 0.0 0.0 0.0 0.0 0.0 0.0 0.0 0.0 0.0 0.0 0.0 0.0 0.0 0.0 0.0 0.0 1200.0 0.0 0.0 0.0 0.0 0.0 600.0 0.0 0.0 0.0 0.0 
0.0 0.0 0.0 0.0 0.0 0.0 0.0 0.0 0.0 0.0 0.0 0.0 0.0 0.0 0.0 0.0 0.0 0.0 0.0 0.0 0.0 0.0 0.0 0.0 0.0 0.0 1200.0 0.0 0.0 0.0 0.0 0.0 0.0 0.0 0.0 0.0 0.0 0.0 0.0 0.0 0.0 0.0 0.0 0.0 0.0 0.0 0.0 0.0 0.0 0.0 
0.0 0.0 0.0 0.0 0.0 0.0 0.0 0.0 0.0 0.0 0.0 0.0 0.0 0.0 0.0 0.0 0.0 0.0 0.0 0.0 0.0 0.0 0.0 0.0 0.0 0.0 0.0 0.0 600.0 0.0 0.0 0.0 0.0 0.0 0.0 0.0 0.0 0.0 0.0 0.0 0.0 0.0 0.0 0.0 0.0 0.0 0.0 0.0 0.0 0.0 
0.0 0.0 0.0 0.0 0.0 0.0 0.0 0.0 0.0 0.0 0.0 0.0 0.0 0.0 0.0 0.0 0.0 0.0 0.0 0.0 1200.0 0.0 0.0 0.0 0.0 0.0 0.0 0.0 0.0 0.0 0.0 0.0 0.0 0.0 0.0 600.0 0.0 0.0 0.0 0.0 0.0 0.0 0.0 0.0 0.0 0.0 0.0 0.0 0.0 0.0 
0.0 0.0 0.0 0.0 0.0 0.0 0.0 0.0 0.0 0.0 0.0 0.0 0.0 0.0 0.0 0.0 0.0 0.0 0.0 0.0 0.0 0.0 0.0 0.0 0.0 0.0 0.0 0.0 0.0 0.0 0.0 0.0 1200.0 0.0 0.0 0.0 0.0 0.0 0.0 0.0 0.0 0.0 0.0 0.0 0.0 0.0 0.0 0.0 0.0 0.0 
0.0 0.0 0.0 0.0 0.0 0.0 0.0 0.0 0.0 0.0 0.0 0.0 0.0 0.0 0.0 0.0 0.0 0.0 0.0 0.0 0.0 0.0 0.0 0.0 0.0 0.0 0.0 0.0 0.0 0.0 0.0 0.0 0.0 0.0 0.0 0.0 0.0 0.0 0.0 0.0 0.0 0.0 0.0 0.0 0.0 0.0 600.0 500.0 0.0 0.0 
0.0 0.0 0.0 0.0 0.0 0.0 0.0 0.0 0.0 0.0 0.0 0.0 0.0 0.0 0.0 0.0 500.0 0.0 0.0 0.0 0.0 0.0 0.0 0.0 0.0 0.0 0.0 0.0 0.0 0.0 0.0 0.0 0.0 0.0 0.0 0.0 0.0 0.0 0.0 0.0 0.0 0.0 0.0 0.0 0.0 0.0 0.0 0.0 0.0 0.0 
0.0 0.0 0.0 0.0 0.0 0.0 0.0 0.0 0.0 0.0 0.0 0.0 0.0 0.0 0.0 0.0 0.0 0.0 0.0 0.0 0.0 0.0 0.0 0.0 0.0 0.0 0.0 0.0 500.0 0.0 0.0 0.0 0.0 0.0 0.0 1200.0 0.0 0.0 0.0 0.0 0.0 0.0 0.0 0.0 0.0 0.0 0.0 0.0 0.0 0.0 
0.0 0.0 0.0 0.0 0.0 0.0 0.0 0.0 0.0 0.0 0.0 0.0 0.0 0.0 0.0 0.0 0.0 0.0 0.0 0.0 0.0 0.0 0.0 0.0 0.0 0.0 0.0 0.0 0.0 0.0 0.0 0.0 0.0 0.0 0.0 0.0 0.0 0.0 0.0 0.0 0.0 0.0 0.0 0.0 0.0 0.0 0.0 0.0 0.0 0.0 
0.0 0.0 0.0 0.0 0.0 0.0 0.0 0.0 0.0 0.0 0.0 0.0 0.0 0.0 0.0 0.0 0.0 0.0 0.0 0.0 0.0 0.0 0.0 0.0 0.0 0.0 0.0 0.0 0.0 0.0 0.0 0.0 0.0 0.0 0.0 0.0 0.0 0.0 600.0 0.0 0.0 0.0 0.0 0.0 0.0 0.0 0.0 0.0 0.0 0.0 
Solution for the problem:
Objective optimal Value: 14.237199999999996
x1[1][2][38] : 1.0
x1[1][4][26] : 1.0
x1[1][5][36] : 1.0
x1[2][1][38] : 1.0
x1[2][3][26] : 1.0
x1[2][5][13] : 1.0
x1[3][1][38] : 1.0
x1[3][2][26] : 1.0
x1[3][3][12] : 1.0
x1[3][4][48] : 1.0
x1[3][5][36] : 1.0
x1[4][2][38] : 1.0
x1[4][4][13] : 1.0
x1[5][1][38] : 1.0
x1[5][4][13] : 1.0
x1[6][2][26] : 1.0
x1[6][4][13] : 1.0
x1[6][5][36] : 1.0
x1[7][1][38] : 1.0
x1[7][2][36] : 1.0
x1[7][4][13] : 1.0
x1[7][5][26] : 1.0
x1[8][2][13] : 1.0
x1[8][4][7] : 1.0
y1[1][5][38] : 1.0
y1[1][9][41] : 1.0
y1[1][18][5] : 1.0
y1[1][22][36] : 1.0
y1[1][26][22] : 1.0
y1[1][27][26] : 1.0
y1[1][36][9] : 1.0
y1[1][38][27] : 1.0
y1[1][41][46] : 1.0
y1[1][46][47] : 1.0
y1[2][1][29] : 1.0
y1[2][5][38] : 1.0
y1[2][6][40] : 1.0
y1[2][10][24] : 1.0
y1[2][13][5] : 1.0
y1[2][17][6] : 1.0
y1[2][24][13] : 1.0
y1[2][26][1] : 1.0
y1[2][27][26] : 1.0
y1[2][29][3] : 1.0
y1[2][38][27] : 1.0
y1[2][40][10] : 1.0
y1[2][47][17] : 1.0
y1[3][1][44] : 1.0
y1[3][3][12] : 1.0
y1[3][5][38] : 1.0
y1[3][6][18] : 1.0
y1[3][9][28] : 1.0
y1[3][12][41] : 1.0
y1[3][15][6] : 1.0
y1[3][18][5] : 1.0
y1[3][21][46] : 1.0
y1[3][26][21] : 1.0
y1[3][27][26] : 1.0
y1[3][28][15] : 1.0
y1[3][29][3] : 1.0
y1[3][36][9] : 1.0
y1[3][38][27] : 1.0
y1[3][41][40] : 1.0
y1[3][44][36] : 1.0
y1[3][46][48] : 1.0
y1[3][48][29] : 1.0
y1[4][3][12] : 1.0
y1[4][5][38] : 1.0
y1[4][9][29] : 1.0
y1[4][10][24] : 1.0
y1[4][13][5] : 1.0
y1[4][22][41] : 1.0
y1[4][24][13] : 1.0
y1[4][29][3] : 1.0
y1[4][38][9] : 1.0
y1[4][40][10] : 1.0
y1[4][41][40] : 1.0
y1[5][3][12] : 1.0
y1[5][5][38] : 1.0
y1[5][10][24] : 1.0
y1[5][12][41] : 1.0
y1[5][13][5] : 1.0
y1[5][24][13] : 1.0
y1[5][26][1] : 1.0
y1[5][27][26] : 1.0
y1[5][29][3] : 1.0
y1[5][38][27] : 1.0
y1[5][40][10] : 1.0
y1[5][41][40] : 1.0
y1[5][43][29] : 1.0
y1[6][9][41] : 1.0
y1[6][10][24] : 1.0
y1[6][13][18] : 1.0
y1[6][15][6] : 1.0
y1[6][18][15] : 1.0
y1[6][24][13] : 1.0
y1[6][26][44] : 1.0
y1[6][36][9] : 1.0
y1[6][40][10] : 1.0
y1[6][41][40] : 1.0
y1[6][44][36] : 1.0
y1[7][5][38] : 1.0
y1[7][6][40] : 1.0
y1[7][9][41] : 1.0
y1[7][10][24] : 1.0
y1[7][13][5] : 1.0
y1[7][15][6] : 1.0
y1[7][24][13] : 1.0
y1[7][26][44] : 1.0
y1[7][27][26] : 1.0
y1[7][28][15] : 1.0
y1[7][36][9] : 1.0
y1[7][38][27] : 1.0
y1[7][40][10] : 1.0
y1[7][44][36] : 1.0
y1[8][10][24] : 1.0
y1[8][13][18] : 1.0
y1[8][18][7] : 1.0
y1[8][24][13] : 1.0
y1[8][27][30] : 1.0
y1[8][30][40] : 1.0
y1[8][37][27] : 1.0
y1[8][40][10] : 1.0
phi[1][1][5][38] : 1.0
phi[1][1][6][18] : 2.220446049250313E-16
phi[1][1][13][18] : 2.220446049250313E-16
phi[1][1][18][5] : 1.0
phi[1][1][24][13] : 2.220446049250313E-16
phi[1][1][38][18] : 2.220446049250313E-16
phi[1][2][6][18] : 2.220446049250313E-16
phi[1][2][13][18] : 2.220446049250313E-16
phi[1][2][27][26] : 1.0
phi[1][2][38][18] : 2.220446049250313E-16
phi[1][2][38][27] : 1.0
phi[1][3][6][18] : 2.220446049250313E-16
phi[1][3][13][18] : 2.220446049250313E-16
phi[1][3][22][36] : 1.0
phi[1][3][26][22] : 1.0
phi[1][3][38][18] : 2.220446049250313E-16
phi[1][4][6][18] : 2.220446049250313E-16
phi[1][4][9][41] : 1.0
phi[1][4][13][18] : 2.220446049250313E-16
phi[1][4][36][9] : 1.0
phi[1][4][38][18] : 2.220446049250313E-16
phi[1][4][41][46] : 1.0
phi[1][4][46][47] : 1.0
phi[2][1][1][8] : 1.6653345369377348E-16
phi[2][1][1][44] : 5.551115123125783E-17
phi[2][1][6][40] : 0.9999999999999999
phi[2][1][8][37] : 1.6653345369377348E-16
phi[2][1][9][41] : 1.1102230246251565E-16
phi[2][1][10][24] : 0.9999999999999998
phi[2][1][15][44] : 1.1102230246251565E-16
phi[2][1][17][6] : 0.9999999999999999
phi[2][1][17][28] : 1.1102230246251565E-16
phi[2][1][18][9] : 1.1102230246251565E-16
phi[2][1][24][13] : 0.9999999999999999
phi[2][1][28][15] : 1.1102230246251565E-16
phi[2][1][37][27] : 1.6653345369377348E-16
phi[2][1][40][10] : 0.9999999999999998
phi[2][1][41][40] : 1.1102230246251565E-16
phi[2][1][44][36] : 3.3306690738754696E-16
phi[2][1][47][17] : 1.0
phi[2][2][1][8] : 2.220446049250313E-16
phi[2][2][5][38] : 1.0
phi[2][2][8][37] : 1.6653345369377348E-16
phi[2][2][13][5] : 0.9999999999999999
phi[2][2][18][5] : 1.6653345369377348E-16
phi[2][2][36][1] : 2.220446049250313E-16
phi[2][2][36][22] : 1.6653345369377348E-16
phi[2][2][37][27] : 1.6653345369377348E-16
phi[2][2][38][18] : 1.6653345369377348E-16
phi[2][3][27][26] : 1.0
phi[2][3][38][27] : 1.0
phi[2][4][1][29] : 1.0
phi[2][4][9][29] : 1.1102230246251565E-16
phi[2][4][26][1] : 1.0
phi[2][4][29][3] : 1.0
phi[2][4][36][9] : 1.1102230246251565E-16
phi[3][1][1][44] : 1.0
phi[3][1][10][31] : 2.220446049250313E-16
phi[3][1][13][5] : 2.220446049250313E-16
phi[3][1][13][18] : 2.220446049250313E-16
phi[3][1][24][13] : 4.440892098500626E-16
phi[3][1][26][1] : 2.220446049250313E-16
phi[3][1][36][1] : 2.220446049250313E-16
phi[3][1][44][36] : 1.0
phi[3][2][5][38] : 1.0
phi[3][2][6][18] : 1.0
phi[3][2][9][28] : 1.0
phi[3][2][10][24] : 2.220446049250313E-16
phi[3][2][10][31] : 2.220446049250313E-16
phi[3][2][13][5] : 2.220446049250313E-16
phi[3][2][13][18] : 2.220446049250313E-16
phi[3][2][15][6] : 1.0
phi[3][2][18][5] : 1.0
phi[3][2][24][13] : 5.551115123125783E-16
phi[3][2][26][1] : 2.220446049250313E-16
phi[3][2][28][15] : 1.0
phi[3][2][36][1] : 2.220446049250313E-16
phi[3][2][36][9] : 1.0
phi[3][3][10][24] : 2.220446049250313E-16
phi[3][3][10][31] : 2.220446049250313E-16
phi[3][3][13][5] : 2.220446049250313E-16
phi[3][3][13][18] : 2.220446049250313E-16
phi[3][3][24][13] : 4.440892098500626E-16
phi[3][3][26][1] : 2.220446049250313E-16
phi[3][3][27][26] : 1.0
phi[3][3][36][1] : 2.220446049250313E-16
phi[3][3][38][27] : 1.0
phi[3][4][10][24] : 2.220446049250313E-16
phi[3][4][10][31] : 2.220446049250313E-16
phi[3][4][13][5] : 2.220446049250313E-16
phi[3][4][13][18] : 2.220446049250313E-16
phi[3][4][21][46] : 1.0
phi[3][4][26][1] : 2.220446049250313E-16
phi[3][4][26][21] : 1.0
phi[3][4][36][1] : 2.220446049250313E-16
phi[3][4][46][48] : 1.0
phi[3][5][3][12] : 1.0
phi[3][5][10][24] : 2.220446049250313E-16
phi[3][5][10][31] : 2.220446049250313E-16
phi[3][5][13][5] : 2.220446049250313E-16
phi[3][5][13][18] : 2.220446049250313E-16
phi[3][5][24][13] : 7.771561172376096E-16
phi[3][5][26][1] : 2.220446049250313E-16
phi[3][5][29][3] : 1.0
phi[3][5][36][1] : 2.220446049250313E-16
phi[3][5][40][10] : 7.771561172376096E-16
phi[3][5][48][29] : 1.0
phi[3][6][10][24] : 2.220446049250313E-16
phi[3][6][10][31] : 2.220446049250313E-16
phi[3][6][12][41] : 1.0
phi[3][6][13][5] : 2.220446049250313E-16
phi[3][6][13][18] : 2.220446049250313E-16
phi[3][6][26][1] : 2.220446049250313E-16
phi[3][6][31][35] : 2.220446049250313E-16
phi[3][6][36][1] : 2.220446049250313E-16
phi[3][6][41][40] : 1.0
phi[4][1][5][38] : 7.771561172376096E-16
phi[4][1][10][24] : 0.9999999999999991
phi[4][1][13][5] : 7.771561172376096E-16
phi[4][1][22][36] : 1.3877787807814457E-16
phi[4][1][22][41] : 1.0
phi[4][1][24][13] : 0.9999999999999997
phi[4][1][36][22] : 2.220446049250313E-16
phi[4][1][40][10] : 0.9999999999999991
phi[4][1][41][40] : 0.9999999999999991
phi[4][2][5][27] : 1.942890293094024E-16
phi[4][2][5][38] : 0.9999999999999986
phi[4][2][13][5] : 0.9999999999999989
phi[4][2][27][26] : 1.942890293094024E-16
phi[4][2][36][22] : 2.220446049250313E-16
phi[4][3][3][12] : 1.0
phi[4][3][9][29] : 1.0
phi[4][3][26][44] : 1.942890293094024E-16
phi[4][3][29][3] : 1.0
phi[4][3][36][9] : 3.885780586188048E-16
phi[4][3][36][22] : 2.220446049250313E-16
phi[4][3][38][9] : 0.9999999999999989
phi[4][3][44][36] : 1.942890293094024E-16
phi[5][1][3][12] : 1.0
phi[5][1][10][24] : 1.0
phi[5][1][12][41] : 1.0
phi[5][1][24][13] : 1.0
phi[5][1][29][3] : 1.0
phi[5][1][40][10] : 1.0
phi[5][1][41][40] : 1.0
phi[5][1][43][29] : 1.0
phi[5][2][5][38] : 1.0
phi[5][2][13][5] : 1.0
phi[5][3][26][1] : 1.0
phi[5][3][27][26] : 1.0
phi[5][3][38][27] : 1.0
phi[6][1][27][26] : 2.220446049250313E-16
phi[6][2][26][44] : 1.0
phi[6][2][27][26] : 2.220446049250313E-16
phi[6][2][44][36] : 1.0
phi[6][3][9][41] : 1.0
phi[6][3][10][24] : 1.0
phi[6][3][24][13] : 1.0
phi[6][3][27][26] : 2.220446049250313E-16
phi[6][3][36][9] : 1.0
phi[6][3][40][10] : 1.0
phi[6][3][41][40] : 1.0
phi[6][4][13][18] : 1.0
phi[6][4][15][6] : 1.0
phi[6][4][18][15] : 1.0
phi[6][4][22][36] : 1.1102230246251568E-16
phi[6][4][27][26] : 2.220446049250313E-16
phi[7][1][1][8] : 1.3877787807814457E-16
phi[7][1][6][40] : 0.9999999999999998
phi[7][1][8][37] : 1.3877787807814457E-16
phi[7][1][10][24] : 1.0
phi[7][1][13][5] : 6.38378239159465E-16
phi[7][1][15][6] : 0.9999999999999999
phi[7][1][15][44] : 1.1102230246251565E-16
phi[7][1][22][36] : 7.216449660063518E-16
phi[7][1][24][13] : 1.0
phi[7][1][27][30] : 1.3877787807814457E-16
phi[7][1][28][15] : 1.0
phi[7][1][30][40] : 1.3877787807814457E-16
phi[7][1][36][1] : 3.608224830031759E-16
phi[7][1][36][22] : 7.216449660063518E-16
phi[7][1][37][27] : 1.3877787807814457E-16
phi[7][1][40][10] : 1.0
phi[7][1][44][36] : 1.1102230246251565E-16
phi[7][2][1][8] : 1.1102230246251565E-16
phi[7][2][5][38] : 1.0
phi[7][2][13][5] : 1.0
phi[7][2][27][30] : 1.6653345369377348E-16
phi[7][2][30][40] : 1.6653345369377348E-16
phi[7][2][36][1] : 2.7755575615628914E-17
phi[7][2][38][27] : 8.604228440844963E-16
phi[7][3][1][44] : 2.7755575615628914E-17
phi[7][3][10][24] : 1.6653345369377348E-16
phi[7][3][24][13] : 1.6653345369377348E-16
phi[7][3][26][44] : 4.440892098500626E-16
phi[7][3][27][26] : 0.9999999999999999
phi[7][3][27][30] : 1.6653345369377348E-16
phi[7][3][30][40] : 1.6653345369377348E-16
phi[7][3][36][1] : 2.7755575615628914E-17
phi[7][3][36][22] : 5.551115123125783E-17
phi[7][3][38][27] : 0.9999999999999998
phi[7][3][40][10] : 1.6653345369377348E-16
phi[7][3][44][36] : 1.2212453270876722E-15
phi[7][4][1][8] : 1.3877787807814457E-16
phi[7][4][1][44] : 4.440892098500626E-16
phi[7][4][5][38] : 3.3306690738754696E-16
phi[7][4][8][37] : 1.3877787807814457E-16
phi[7][4][10][24] : 1.6653345369377348E-16
phi[7][4][13][5] : 3.3306690738754696E-16
phi[7][4][22][36] : 7.216449660063518E-16
phi[7][4][24][13] : 1.6653345369377348E-16
phi[7][4][26][1] : 4.440892098500626E-16
phi[7][4][26][44] : 0.9999999999999989
phi[7][4][27][30] : 1.6653345369377348E-16
phi[7][4][30][40] : 1.6653345369377348E-16
phi[7][4][36][1] : 2.7755575615628914E-17
phi[7][4][36][22] : 7.216449660063518E-16
phi[7][4][37][27] : 1.3877787807814457E-16
phi[7][4][40][10] : 1.6653345369377348E-16
phi[7][4][44][36] : 0.9999999999999999
phi[7][5][9][41] : 1.0
phi[7][5][27][26] : 1.1102230246251565E-16
phi[7][5][36][9] : 1.0
phi[7][5][38][27] : 1.1102230246251565E-16
phi[8][1][10][24] : 1.0
phi[8][1][24][13] : 1.0
phi[8][1][27][30] : 1.0
phi[8][1][30][40] : 1.0
phi[8][1][37][27] : 1.0
phi[8][1][40][10] : 1.0
phi[8][2][13][18] : 1.0
phi[8][2][18][7] : 1.0

