number of function:5
1: 0.0
2: 0.0
3: 0.0
4: 0.0
5: 0.0
number of Demand:12
1: 8: 1: 100.0: 13.0: 2 : 4    1    
2: 13: 10: 100.0: 13.0: 3 : 4    2    1    
3: 5: 3: 100.0: 13.0: 4 : 3    5    2    1    
4: 5: 7: 50.0: 13.0: 2 : 2    1    
5: 8: 9: 100.0: 13.0: 2 : 1    4    
6: 6: 11: 50.0: 13.0: 5 : 4    2    5    1    3    
7: 7: 13: 50.0: 13.0: 2 : 5    3    
8: 1: 10: 50.0: 13.0: 4 : 1    5    4    2    
9: 1: 13: 100.0: 13.0: 5 : 3    2    5    4    1    
10: 14: 15: 100.0: 13.0: 2 : 3    5    
11: 4: 9: 100.0: 13.0: 4 : 1    4    5    2    
12: 11: 8: 50.0: 13.0: 5 : 1    4    2    3    5    
virtual node:15
0.0 0.0 0.0 0.0 0.0 3000.0 0.0 1600.0 0.0 0.0 0.0 5000.0 1600.0 0.0 1200.0 
0.0 0.0 0.0 1200.0 0.0 1200.0 0.0 1600.0 1600.0 0.0 0.0 0.0 0.0 0.0 0.0 
0.0 1200.0 0.0 5000.0 0.0 0.0 0.0 0.0 0.0 0.0 0.0 0.0 5000.0 0.0 0.0 
0.0 0.0 0.0 0.0 0.0 0.0 2000.0 3000.0 0.0 5000.0 0.0 0.0 1200.0 2000.0 2000.0 
0.0 0.0 3000.0 0.0 0.0 0.0 0.0 0.0 0.0 2000.0 3000.0 0.0 0.0 0.0 0.0 
0.0 0.0 0.0 0.0 0.0 0.0 0.0 0.0 0.0 0.0 0.0 1200.0 2000.0 0.0 2000.0 
0.0 0.0 0.0 0.0 0.0 5000.0 0.0 0.0 0.0 0.0 3000.0 0.0 0.0 0.0 2000.0 
0.0 0.0 2000.0 1600.0 0.0 0.0 0.0 0.0 0.0 0.0 0.0 0.0 0.0 0.0 0.0 
0.0 0.0 0.0 0.0 0.0 0.0 0.0 0.0 0.0 0.0 0.0 0.0 0.0 0.0 2000.0 
2000.0 0.0 3000.0 0.0 0.0 0.0 0.0 1600.0 5000.0 0.0 0.0 1600.0 0.0 0.0 1600.0 
0.0 1200.0 1200.0 3000.0 0.0 0.0 0.0 0.0 0.0 0.0 0.0 0.0 0.0 3000.0 0.0 
0.0 0.0 1200.0 0.0 0.0 0.0 1200.0 0.0 0.0 3000.0 1600.0 0.0 0.0 5000.0 0.0 
0.0 3000.0 0.0 0.0 0.0 3000.0 0.0 0.0 0.0 0.0 0.0 1200.0 0.0 0.0 0.0 
0.0 3000.0 0.0 0.0 0.0 1600.0 1600.0 0.0 1600.0 5000.0 0.0 0.0 0.0 0.0 3000.0 
2000.0 2000.0 5000.0 0.0 0.0 0.0 0.0 0.0 0.0 0.0 0.0 1600.0 0.0 0.0 0.0 
Solution for the problem:
Objective optimal Value: 27.026000000000028
x1[1][1][7] : 1.0
x1[1][4][3] : 1.0
x1[2][1][7] : 1.0
x1[2][2][2] : 1.0
x1[2][4][13] : 1.0
x1[3][1][3] : 1.0
x1[3][2][8] : 1.0
x1[3][3][7] : 1.0
x1[3][5][1] : 1.0
x1[4][1][7] : 1.0
x1[4][2][1] : 1.0
x1[5][1][13] : 1.0
x1[5][4][3] : 1.0
x1[6][1][3] : 1.0
x1[6][2][1] : 1.0
x1[6][3][7] : 1.0
x1[6][4][13] : 1.0
x1[6][5][8] : 1.0
x1[7][3][13] : 1.0
x1[7][5][1] : 1.0
x1[8][1][1] : 1.0
x1[8][2][13] : 1.0
x1[8][4][3] : 1.0
x1[8][5][8] : 1.0
x1[9][1][13] : 1.0
x1[9][2][2] : 1.0
x1[9][3][1] : 1.0
x1[9][4][3] : 1.0
x1[9][5][8] : 1.0
x1[10][3][7] : 1.0
x1[10][5][3] : 1.0
x1[11][1][13] : 1.0
x1[11][2][9] : 1.0
x1[11][4][3] : 1.0
x1[11][5][2] : 1.0
x1[12][1][3] : 1.0
x1[12][2][7] : 1.0
x1[12][3][1] : 1.0
x1[12][4][13] : 1.0
x1[12][5][8] : 1.0
y1[1][2][4] : 1.0
y1[1][3][2] : 1.0
y1[1][4][7] : 1.0
y1[1][7][15] : 1.0
y1[1][8][3] : 1.0
y1[1][15][1] : 1.0
y1[2][2][4] : 1.0
y1[2][4][7] : 1.0
y1[2][7][15] : 1.0
y1[2][12][10] : 1.0
y1[2][13][2] : 1.0
y1[2][15][12] : 1.0
y1[3][1][8] : 1.0
y1[3][5][10] : 1.0
y1[3][7][15] : 1.0
y1[3][8][3] : 1.0
y1[3][10][12] : 1.0
y1[3][12][7] : 1.0
y1[3][15][1] : 1.0
y1[4][1][13] : 1.0
y1[4][5][10] : 1.0
y1[4][10][1] : 1.0
y1[4][12][7] : 1.0
y1[4][13][12] : 1.0
y1[5][2][9] : 1.0
y1[5][3][2] : 1.0
y1[5][4][13] : 1.0
y1[5][8][4] : 1.0
y1[5][12][3] : 1.0
y1[5][13][12] : 1.0
y1[6][1][8] : 1.0
y1[6][2][4] : 1.0
y1[6][3][2] : 1.0
y1[6][4][7] : 1.0
y1[6][6][13] : 1.0
y1[6][7][11] : 1.0
y1[6][8][3] : 1.0
y1[6][10][1] : 1.0
y1[6][12][10] : 1.0
y1[6][13][12] : 1.0
y1[7][1][13] : 1.0
y1[7][7][15] : 1.0
y1[7][15][1] : 1.0
y1[8][1][8] : 1.0
y1[8][2][4] : 1.0
y1[8][3][2] : 1.0
y1[8][4][13] : 1.0
y1[8][8][3] : 1.0
y1[8][12][10] : 1.0
y1[8][13][12] : 1.0
y1[9][1][15] : 1.0
y1[9][2][8] : 1.0
y1[9][3][13] : 1.0
y1[9][8][3] : 1.0
y1[9][15][2] : 1.0
y1[10][2][4] : 1.0
y1[10][3][2] : 1.0
y1[10][4][15] : 1.0
y1[10][7][11] : 1.0
y1[10][11][3] : 1.0
y1[10][14][7] : 1.0
y1[11][2][9] : 1.0
y1[11][3][2] : 1.0
y1[11][4][13] : 1.0
y1[11][12][3] : 1.0
y1[11][13][12] : 1.0
y1[12][1][8] : 1.0
y1[12][2][4] : 1.0
y1[12][3][2] : 1.0
y1[12][4][13] : 1.0
y1[12][7][15] : 1.0
y1[12][11][3] : 1.0
y1[12][12][7] : 1.0
y1[12][13][12] : 1.0
y1[12][15][1] : 1.0
phi[1][1][8][3] : 1.0
phi[1][2][2][4] : 1.0
phi[1][2][3][2] : 1.0
phi[1][2][4][7] : 1.0
phi[1][3][7][15] : 1.0
phi[1][3][15][1] : 1.0
phi[2][2][13][2] : 1.0
phi[2][3][2][4] : 1.0
phi[2][3][4][7] : 1.0
phi[2][4][7][15] : 1.0
phi[2][4][12][10] : 1.0
phi[2][4][15][12] : 1.0
phi[3][1][5][10] : 1.0
phi[3][1][10][12] : 1.0
phi[3][1][12][7] : 1.0
phi[3][2][7][15] : 1.0
phi[3][2][15][1] : 1.0
phi[3][3][1][8] : 1.0
phi[3][4][8][3] : 1.0
phi[4][1][5][10] : 1.0
phi[4][1][10][1] : 1.0
phi[4][2][1][13] : 1.0
phi[4][2][12][7] : 1.0
phi[4][2][13][12] : 1.0
phi[5][1][4][13] : 1.0
phi[5][1][8][4] : 1.0
phi[5][2][12][3] : 1.0
phi[5][2][13][12] : 1.0
phi[5][3][2][9] : 1.0
phi[5][3][3][2] : 1.0
phi[6][1][6][13] : 1.0
phi[6][2][10][1] : 1.0
phi[6][2][12][10] : 1.0
phi[6][2][13][12] : 1.0
phi[6][3][1][8] : 1.0
phi[6][4][8][3] : 1.0
phi[6][5][2][4] : 1.0
phi[6][5][3][2] : 1.0
phi[6][5][4][7] : 1.0
phi[6][6][7][11] : 1.0
phi[7][1][7][15] : 1.0
phi[7][1][15][1] : 1.0
phi[7][2][1][13] : 1.0
phi[8][2][1][8] : 1.0
phi[8][3][8][3] : 1.0
phi[8][4][2][4] : 1.0
phi[8][4][3][2] : 1.0
phi[8][4][4][13] : 1.0
phi[8][5][12][10] : 1.0
phi[8][5][13][12] : 1.0
phi[9][2][1][15] : 1.0
phi[9][2][15][2] : 1.0
phi[9][3][2][8] : 1.0
phi[9][4][8][3] : 1.0
phi[9][5][3][13] : 1.0
phi[10][1][14][7] : 1.0
phi[10][2][7][11] : 1.0
phi[10][2][11][3] : 1.0
phi[10][3][2][4] : 1.0
phi[10][3][3][2] : 1.0
phi[10][3][4][15] : 1.0
phi[11][1][4][13] : 1.0
phi[11][2][12][3] : 1.0
phi[11][2][13][12] : 1.0
phi[11][3][3][2] : 1.0
phi[11][4][2][9] : 1.0
phi[12][1][11][3] : 1.0
phi[12][2][2][4] : 1.0
phi[12][2][3][2] : 1.0
phi[12][2][4][13] : 1.0
phi[12][3][12][7] : 1.0
phi[12][3][13][12] : 1.0
phi[12][4][7][15] : 1.0
phi[12][4][15][1] : 1.0
phi[12][5][1][8] : 1.0

