number of function:5
1: 0.0
2: 0.0
3: 0.0
4: 0.0
5: 0.0
number of Demand:12
1: 8: 1: 100.0: 13.0: 2 : 4    1    
2: 13: 10: 100.0: 13.0: 3 : 4    2    1    
3: 5: 3: 100.0: 13.0: 4 : 3    5    2    1    
4: 5: 7: 50.0: 13.0: 2 : 2    1    
5: 8: 9: 100.0: 13.0: 2 : 1    4    
6: 6: 11: 50.0: 13.0: 5 : 4    2    5    1    3    
7: 7: 13: 50.0: 13.0: 2 : 5    3    
8: 1: 10: 50.0: 13.0: 4 : 1    5    4    2    
9: 1: 13: 100.0: 13.0: 5 : 3    2    5    4    1    
10: 14: 15: 100.0: 13.0: 2 : 3    5    
11: 4: 9: 100.0: 13.0: 4 : 1    4    5    2    
12: 11: 8: 50.0: 13.0: 5 : 1    4    2    3    5    
virtual node:15
0.0 0.0 0.0 0.0 0.0 3000.0 0.0 1600.0 0.0 0.0 0.0 5000.0 1600.0 0.0 1200.0 
0.0 0.0 0.0 1200.0 0.0 1200.0 0.0 1600.0 1600.0 0.0 0.0 0.0 0.0 0.0 0.0 
0.0 1200.0 0.0 5000.0 0.0 0.0 0.0 0.0 0.0 0.0 0.0 0.0 5000.0 0.0 0.0 
0.0 0.0 0.0 0.0 0.0 0.0 2000.0 3000.0 0.0 5000.0 0.0 0.0 1200.0 2000.0 2000.0 
0.0 0.0 3000.0 0.0 0.0 0.0 0.0 0.0 0.0 2000.0 3000.0 0.0 0.0 0.0 0.0 
0.0 0.0 0.0 0.0 0.0 0.0 0.0 0.0 0.0 0.0 0.0 1200.0 2000.0 0.0 2000.0 
0.0 0.0 0.0 0.0 0.0 5000.0 0.0 0.0 0.0 0.0 3000.0 0.0 0.0 0.0 2000.0 
0.0 0.0 2000.0 1600.0 0.0 0.0 0.0 0.0 0.0 0.0 0.0 0.0 0.0 0.0 0.0 
0.0 0.0 0.0 0.0 0.0 0.0 0.0 0.0 0.0 0.0 0.0 0.0 0.0 0.0 2000.0 
2000.0 0.0 3000.0 0.0 0.0 0.0 0.0 1600.0 5000.0 0.0 0.0 1600.0 0.0 0.0 1600.0 
0.0 1200.0 1200.0 3000.0 0.0 0.0 0.0 0.0 0.0 0.0 0.0 0.0 0.0 3000.0 0.0 
0.0 0.0 1200.0 0.0 0.0 0.0 1200.0 0.0 0.0 3000.0 1600.0 0.0 0.0 5000.0 0.0 
0.0 3000.0 0.0 0.0 0.0 3000.0 0.0 0.0 0.0 0.0 0.0 1200.0 0.0 0.0 0.0 
0.0 3000.0 0.0 0.0 0.0 1600.0 1600.0 0.0 1600.0 5000.0 0.0 0.0 0.0 0.0 3000.0 
2000.0 2000.0 5000.0 0.0 0.0 0.0 0.0 0.0 0.0 0.0 0.0 1600.0 0.0 0.0 0.0 
