number of function:5
1: 0.0
2: 0.0
3: 0.0
4: 0.0
5: 0.0
number of Demand:50
1: 21: 30: 100.0: 13.0: 4 : 3    4    5    2    
2: 12: 13: 50.0: 13.0: 3 : 2    1    3    
3: 12: 13: 100.0: 13.0: 4 : 4    1    3    5    
4: 22: 19: 100.0: 13.0: 5 : 2    5    1    3    4    
5: 29: 19: 100.0: 13.0: 2 : 5    4    
6: 2: 15: 100.0: 13.0: 2 : 2    3    
7: 17: 12: 100.0: 13.0: 4 : 3    1    2    5    
8: 11: 13: 50.0: 13.0: 3 : 2    3    4    
9: 27: 3: 50.0: 13.0: 5 : 1    3    4    5    2    
10: 17: 1: 50.0: 13.0: 2 : 4    5    
11: 27: 21: 50.0: 13.0: 2 : 1    3    
12: 19: 16: 50.0: 13.0: 3 : 3    2    4    
13: 5: 2: 100.0: 13.0: 2 : 4    5    
14: 10: 8: 50.0: 13.0: 5 : 1    5    3    2    4    
15: 25: 6: 50.0: 13.0: 5 : 5    2    3    4    1    
16: 7: 5: 50.0: 13.0: 4 : 2    5    3    4    
17: 9: 27: 100.0: 13.0: 5 : 2    3    4    5    1    
18: 12: 26: 100.0: 13.0: 4 : 5    4    3    1    
19: 12: 28: 50.0: 13.0: 2 : 1    2    
20: 5: 21: 100.0: 13.0: 3 : 5    1    3    
21: 6: 7: 100.0: 13.0: 5 : 2    4    3    1    5    
22: 4: 8: 100.0: 13.0: 2 : 3    5    
23: 22: 14: 100.0: 13.0: 4 : 2    4    3    1    
24: 20: 15: 100.0: 13.0: 3 : 4    1    3    
25: 20: 21: 100.0: 13.0: 4 : 2    5    1    3    
26: 23: 14: 50.0: 13.0: 4 : 2    4    3    1    
27: 21: 26: 100.0: 13.0: 5 : 2    3    1    4    5    
28: 17: 13: 100.0: 13.0: 2 : 1    4    
29: 7: 29: 100.0: 13.0: 2 : 5    2    
30: 15: 7: 50.0: 13.0: 5 : 2    1    3    4    5    
31: 19: 30: 50.0: 13.0: 4 : 1    4    2    5    
32: 24: 17: 100.0: 13.0: 4 : 3    2    4    1    
33: 8: 20: 100.0: 13.0: 5 : 1    4    2    5    3    
34: 6: 26: 50.0: 13.0: 5 : 2    1    3    5    4    
35: 26: 29: 50.0: 13.0: 2 : 1    4    
36: 11: 22: 100.0: 13.0: 2 : 5    3    
37: 10: 11: 100.0: 13.0: 4 : 4    1    5    2    
38: 29: 20: 50.0: 13.0: 5 : 2    3    4    5    1    
39: 18: 6: 50.0: 13.0: 3 : 1    5    4    
40: 30: 15: 50.0: 13.0: 5 : 2    1    3    4    5    
41: 18: 1: 50.0: 13.0: 4 : 1    4    2    3    
42: 29: 2: 50.0: 13.0: 4 : 3    2    5    1    
43: 29: 6: 100.0: 13.0: 5 : 3    2    1    4    5    
44: 6: 13: 50.0: 13.0: 2 : 2    4    
45: 15: 12: 100.0: 13.0: 5 : 4    1    2    3    5    
46: 6: 21: 50.0: 13.0: 2 : 3    2    
47: 21: 12: 100.0: 13.0: 3 : 1    2    5    
48: 7: 21: 50.0: 13.0: 5 : 3    5    1    2    4    
49: 16: 14: 50.0: 13.0: 4 : 3    5    4    2    
50: 28: 3: 100.0: 13.0: 4 : 1    2    5    3    
virtual node:30
0.0 0.0 0.0 0.0 0.0 0.0 0.0 1600.0 0.0 0.0 0.0 0.0 0.0 0.0 1600.0 0.0 0.0 0.0 5000.0 0.0 0.0 0.0 0.0 0.0 0.0 0.0 0.0 0.0 2000.0 0.0 
0.0 0.0 0.0 0.0 0.0 0.0 0.0 0.0 0.0 0.0 0.0 0.0 0.0 0.0 0.0 1600.0 0.0 0.0 0.0 0.0 0.0 0.0 0.0 0.0 0.0 0.0 0.0 2000.0 0.0 0.0 
0.0 0.0 0.0 0.0 0.0 0.0 0.0 0.0 0.0 0.0 0.0 3000.0 0.0 0.0 0.0 0.0 0.0 0.0 1200.0 0.0 0.0 0.0 0.0 0.0 0.0 0.0 0.0 0.0 0.0 0.0 
0.0 0.0 0.0 0.0 0.0 0.0 0.0 0.0 0.0 0.0 0.0 3000.0 0.0 0.0 0.0 0.0 0.0 3000.0 0.0 0.0 0.0 0.0 0.0 0.0 0.0 5000.0 0.0 0.0 0.0 0.0 
0.0 1200.0 0.0 0.0 0.0 0.0 0.0 0.0 0.0 0.0 0.0 0.0 0.0 0.0 0.0 0.0 0.0 0.0 0.0 0.0 0.0 0.0 0.0 0.0 0.0 0.0 0.0 0.0 0.0 0.0 
0.0 0.0 0.0 0.0 0.0 0.0 0.0 0.0 0.0 3000.0 0.0 0.0 0.0 0.0 0.0 0.0 0.0 0.0 0.0 0.0 0.0 0.0 0.0 0.0 0.0 0.0 0.0 0.0 0.0 0.0 
0.0 0.0 0.0 0.0 0.0 3000.0 0.0 0.0 0.0 1200.0 5000.0 0.0 3000.0 0.0 0.0 0.0 0.0 0.0 0.0 2000.0 0.0 0.0 0.0 0.0 0.0 0.0 0.0 0.0 0.0 0.0 
0.0 5000.0 0.0 0.0 0.0 0.0 0.0 0.0 0.0 0.0 0.0 0.0 0.0 0.0 0.0 0.0 0.0 0.0 0.0 0.0 3000.0 0.0 0.0 0.0 0.0 0.0 0.0 0.0 0.0 0.0 
0.0 0.0 0.0 0.0 0.0 0.0 0.0 0.0 0.0 0.0 0.0 0.0 0.0 1600.0 1600.0 1200.0 2000.0 0.0 0.0 0.0 0.0 0.0 0.0 0.0 0.0 0.0 0.0 2000.0 0.0 0.0 
0.0 0.0 0.0 0.0 0.0 0.0 0.0 0.0 0.0 0.0 0.0 3000.0 0.0 1200.0 0.0 0.0 0.0 0.0 0.0 0.0 0.0 0.0 0.0 0.0 0.0 0.0 0.0 0.0 0.0 0.0 
0.0 0.0 0.0 0.0 0.0 0.0 0.0 0.0 0.0 0.0 0.0 0.0 1600.0 0.0 5000.0 0.0 0.0 0.0 0.0 0.0 0.0 0.0 0.0 0.0 0.0 0.0 1600.0 0.0 0.0 1600.0 
0.0 3000.0 0.0 0.0 5000.0 0.0 0.0 0.0 0.0 0.0 2000.0 0.0 0.0 0.0 0.0 0.0 5000.0 0.0 0.0 1200.0 0.0 0.0 0.0 0.0 0.0 0.0 0.0 0.0 3000.0 0.0 
0.0 0.0 5000.0 0.0 3000.0 0.0 0.0 0.0 0.0 0.0 0.0 0.0 0.0 0.0 0.0 0.0 0.0 0.0 0.0 0.0 0.0 0.0 0.0 0.0 0.0 0.0 0.0 0.0 1600.0 0.0 
0.0 0.0 0.0 0.0 0.0 0.0 0.0 0.0 0.0 0.0 0.0 0.0 0.0 0.0 0.0 0.0 0.0 0.0 0.0 0.0 0.0 0.0 0.0 0.0 0.0 0.0 0.0 0.0 0.0 0.0 
0.0 0.0 0.0 0.0 0.0 3000.0 0.0 0.0 0.0 0.0 1600.0 0.0 0.0 0.0 0.0 5000.0 0.0 0.0 1600.0 0.0 0.0 0.0 0.0 0.0 0.0 0.0 0.0 0.0 0.0 0.0 
0.0 1200.0 0.0 0.0 0.0 0.0 0.0 0.0 0.0 0.0 0.0 0.0 0.0 0.0 0.0 0.0 0.0 0.0 0.0 0.0 5000.0 0.0 1600.0 0.0 0.0 0.0 0.0 0.0 0.0 2000.0 
0.0 0.0 0.0 0.0 0.0 0.0 0.0 0.0 5000.0 0.0 0.0 0.0 0.0 0.0 0.0 0.0 0.0 0.0 0.0 3000.0 0.0 0.0 0.0 5000.0 0.0 0.0 0.0 0.0 0.0 0.0 
0.0 0.0 0.0 0.0 3000.0 0.0 0.0 0.0 0.0 0.0 0.0 0.0 0.0 0.0 0.0 0.0 0.0 0.0 0.0 0.0 0.0 0.0 0.0 0.0 1200.0 0.0 0.0 0.0 0.0 0.0 
0.0 0.0 0.0 0.0 0.0 0.0 2000.0 0.0 0.0 0.0 0.0 0.0 0.0 0.0 0.0 0.0 1600.0 0.0 0.0 0.0 1600.0 0.0 0.0 0.0 0.0 0.0 0.0 0.0 0.0 0.0 
0.0 0.0 0.0 0.0 0.0 0.0 0.0 0.0 0.0 0.0 0.0 0.0 0.0 0.0 0.0 0.0 0.0 0.0 0.0 0.0 1200.0 0.0 5000.0 5000.0 0.0 0.0 0.0 0.0 0.0 0.0 
0.0 0.0 0.0 0.0 0.0 0.0 0.0 0.0 0.0 0.0 0.0 0.0 5000.0 0.0 0.0 0.0 0.0 0.0 0.0 0.0 0.0 0.0 0.0 0.0 0.0 0.0 3000.0 0.0 0.0 0.0 
0.0 0.0 0.0 0.0 0.0 0.0 0.0 0.0 0.0 0.0 0.0 0.0 0.0 0.0 0.0 2000.0 0.0 0.0 0.0 0.0 2000.0 0.0 0.0 0.0 0.0 0.0 0.0 5000.0 0.0 0.0 
0.0 0.0 0.0 0.0 2000.0 0.0 0.0 0.0 0.0 0.0 0.0 0.0 0.0 0.0 0.0 0.0 0.0 0.0 3000.0 1200.0 0.0 0.0 0.0 0.0 0.0 1600.0 0.0 0.0 2000.0 0.0 
0.0 0.0 0.0 0.0 0.0 0.0 0.0 1600.0 0.0 0.0 0.0 0.0 0.0 0.0 0.0 0.0 0.0 0.0 0.0 0.0 5000.0 0.0 0.0 0.0 0.0 0.0 0.0 5000.0 1200.0 0.0 
0.0 0.0 0.0 0.0 5000.0 0.0 0.0 0.0 0.0 0.0 0.0 0.0 0.0 0.0 0.0 2000.0 0.0 0.0 0.0 0.0 0.0 0.0 0.0 0.0 0.0 0.0 0.0 0.0 0.0 0.0 
1600.0 0.0 0.0 0.0 0.0 0.0 0.0 0.0 1600.0 0.0 0.0 0.0 0.0 0.0 0.0 0.0 0.0 0.0 0.0 0.0 0.0 0.0 0.0 0.0 0.0 0.0 1200.0 0.0 0.0 0.0 
0.0 0.0 0.0 0.0 0.0 0.0 0.0 3000.0 0.0 0.0 0.0 0.0 0.0 0.0 0.0 0.0 0.0 0.0 0.0 0.0 0.0 0.0 0.0 0.0 0.0 0.0 0.0 0.0 0.0 0.0 
0.0 0.0 0.0 0.0 0.0 5000.0 0.0 0.0 0.0 3000.0 0.0 0.0 0.0 0.0 0.0 0.0 0.0 0.0 0.0 0.0 0.0 0.0 0.0 0.0 0.0 0.0 0.0 0.0 0.0 0.0 
0.0 0.0 0.0 0.0 0.0 0.0 0.0 5000.0 0.0 1200.0 2000.0 0.0 0.0 0.0 0.0 0.0 0.0 0.0 0.0 0.0 0.0 0.0 0.0 0.0 0.0 5000.0 0.0 0.0 0.0 0.0 
0.0 0.0 0.0 0.0 0.0 0.0 1200.0 0.0 0.0 0.0 0.0 0.0 0.0 0.0 0.0 0.0 0.0 0.0 0.0 0.0 0.0 1200.0 0.0 0.0 0.0 0.0 0.0 0.0 1200.0 0.0 
