number of function:5
1: 0.0
2: 0.0
3: 0.0
4: 0.0
5: 0.0
number of Demand:20
1: 25: 17: 50.0: 13.0: 2 : 3    4    
2: 4: 23: 50.0: 13.0: 2 : 4    3    
3: 14: 4: 100.0: 13.0: 5 : 4    5    1    2    3    
4: 2: 10: 50.0: 13.0: 2 : 3    1    
5: 11: 16: 50.0: 13.0: 4 : 1    4    5    2    
6: 28: 23: 50.0: 13.0: 5 : 4    1    2    5    3    
7: 14: 4: 100.0: 13.0: 2 : 3    1    
8: 25: 29: 50.0: 13.0: 3 : 1    3    4    
9: 7: 18: 50.0: 13.0: 5 : 5    4    2    3    1    
10: 19: 30: 100.0: 13.0: 4 : 5    4    1    3    
11: 12: 10: 50.0: 13.0: 2 : 4    3    
12: 13: 2: 50.0: 13.0: 2 : 1    4    
13: 13: 27: 50.0: 13.0: 2 : 4    2    
14: 28: 18: 100.0: 13.0: 4 : 1    3    4    5    
15: 24: 18: 50.0: 13.0: 3 : 4    5    3    
16: 1: 3: 50.0: 13.0: 2 : 2    4    
17: 11: 22: 50.0: 13.0: 4 : 1    4    3    2    
18: 27: 30: 50.0: 13.0: 5 : 2    4    1    5    3    
19: 16: 10: 100.0: 13.0: 5 : 3    2    1    4    5    
20: 7: 9: 50.0: 13.0: 4 : 4    5    3    1    
virtual node:30
0.0 0.0 0.0 0.0 0.0 0.0 0.0 5000.0 0.0 0.0 0.0 0.0 0.0 0.0 3000.0 0.0 0.0 0.0 3000.0 0.0 0.0 0.0 0.0 0.0 0.0 0.0 0.0 0.0 1600.0 0.0 
0.0 0.0 0.0 0.0 0.0 0.0 0.0 0.0 0.0 0.0 0.0 0.0 0.0 0.0 0.0 1600.0 0.0 0.0 0.0 0.0 0.0 0.0 0.0 0.0 0.0 0.0 0.0 5000.0 0.0 0.0 
0.0 0.0 0.0 0.0 0.0 0.0 0.0 0.0 0.0 0.0 0.0 3000.0 0.0 0.0 0.0 0.0 0.0 0.0 5000.0 0.0 0.0 0.0 0.0 0.0 0.0 0.0 0.0 0.0 0.0 0.0 
0.0 0.0 0.0 0.0 0.0 0.0 0.0 0.0 0.0 0.0 0.0 2000.0 0.0 0.0 0.0 0.0 0.0 1600.0 0.0 0.0 0.0 0.0 0.0 0.0 0.0 1600.0 0.0 0.0 0.0 0.0 
0.0 3000.0 0.0 0.0 0.0 0.0 0.0 0.0 0.0 0.0 0.0 0.0 0.0 0.0 0.0 0.0 0.0 0.0 0.0 0.0 0.0 0.0 0.0 0.0 0.0 0.0 0.0 0.0 0.0 0.0 
0.0 0.0 0.0 0.0 0.0 0.0 0.0 0.0 0.0 2000.0 0.0 0.0 0.0 0.0 0.0 0.0 0.0 0.0 0.0 0.0 0.0 0.0 0.0 0.0 0.0 0.0 0.0 0.0 0.0 0.0 
0.0 0.0 0.0 0.0 0.0 5000.0 0.0 0.0 0.0 3000.0 1600.0 0.0 1200.0 0.0 0.0 0.0 0.0 0.0 0.0 5000.0 0.0 0.0 0.0 0.0 0.0 0.0 0.0 0.0 0.0 0.0 
0.0 1200.0 0.0 0.0 0.0 0.0 0.0 0.0 0.0 0.0 0.0 0.0 0.0 0.0 0.0 0.0 0.0 0.0 0.0 0.0 3000.0 0.0 0.0 0.0 0.0 0.0 0.0 0.0 0.0 0.0 
0.0 0.0 0.0 0.0 0.0 0.0 0.0 0.0 0.0 0.0 0.0 0.0 0.0 1200.0 5000.0 2000.0 1600.0 0.0 0.0 0.0 0.0 0.0 0.0 0.0 0.0 0.0 0.0 5000.0 0.0 0.0 
0.0 0.0 0.0 0.0 0.0 0.0 0.0 0.0 0.0 0.0 0.0 3000.0 0.0 1200.0 0.0 0.0 0.0 0.0 0.0 0.0 0.0 0.0 0.0 0.0 0.0 0.0 0.0 0.0 0.0 0.0 
0.0 0.0 0.0 0.0 0.0 0.0 0.0 0.0 0.0 0.0 0.0 0.0 1600.0 0.0 3000.0 0.0 0.0 0.0 0.0 0.0 0.0 0.0 0.0 0.0 0.0 0.0 2000.0 0.0 0.0 2000.0 
0.0 1600.0 0.0 0.0 5000.0 0.0 0.0 0.0 0.0 0.0 2000.0 0.0 0.0 0.0 0.0 0.0 1200.0 0.0 0.0 1200.0 0.0 0.0 0.0 0.0 0.0 0.0 0.0 0.0 5000.0 0.0 
0.0 0.0 1200.0 0.0 5000.0 0.0 0.0 0.0 0.0 0.0 0.0 0.0 0.0 0.0 0.0 0.0 0.0 0.0 0.0 0.0 0.0 0.0 0.0 0.0 0.0 0.0 0.0 0.0 1200.0 0.0 
0.0 0.0 0.0 0.0 0.0 0.0 0.0 0.0 0.0 0.0 0.0 0.0 0.0 0.0 0.0 0.0 0.0 0.0 0.0 0.0 0.0 0.0 0.0 0.0 0.0 0.0 0.0 0.0 0.0 0.0 
0.0 0.0 0.0 0.0 0.0 1600.0 0.0 0.0 0.0 0.0 3000.0 0.0 0.0 0.0 0.0 5000.0 0.0 0.0 2000.0 0.0 0.0 0.0 0.0 0.0 0.0 0.0 0.0 0.0 0.0 0.0 
0.0 1600.0 0.0 0.0 0.0 0.0 0.0 0.0 0.0 0.0 0.0 0.0 0.0 0.0 0.0 0.0 0.0 0.0 0.0 0.0 5000.0 0.0 1200.0 0.0 0.0 0.0 0.0 0.0 0.0 3000.0 
0.0 0.0 0.0 0.0 0.0 0.0 0.0 0.0 5000.0 0.0 0.0 0.0 0.0 0.0 0.0 0.0 0.0 0.0 0.0 1600.0 0.0 0.0 0.0 2000.0 0.0 0.0 0.0 0.0 0.0 0.0 
0.0 0.0 0.0 0.0 1200.0 0.0 0.0 0.0 0.0 0.0 0.0 0.0 0.0 0.0 0.0 0.0 0.0 0.0 0.0 0.0 0.0 0.0 0.0 0.0 1200.0 0.0 0.0 0.0 0.0 0.0 
0.0 0.0 0.0 0.0 0.0 0.0 2000.0 0.0 0.0 0.0 0.0 0.0 0.0 0.0 0.0 0.0 1600.0 0.0 0.0 0.0 1600.0 0.0 0.0 0.0 0.0 0.0 0.0 0.0 0.0 0.0 
0.0 0.0 0.0 0.0 0.0 0.0 0.0 0.0 0.0 0.0 0.0 0.0 0.0 0.0 0.0 0.0 0.0 0.0 0.0 0.0 2000.0 0.0 1600.0 3000.0 0.0 0.0 0.0 0.0 0.0 0.0 
0.0 0.0 0.0 0.0 0.0 0.0 0.0 0.0 0.0 0.0 0.0 0.0 5000.0 0.0 0.0 0.0 0.0 0.0 0.0 0.0 0.0 0.0 0.0 0.0 0.0 0.0 5000.0 0.0 0.0 0.0 
0.0 0.0 0.0 0.0 0.0 0.0 0.0 0.0 0.0 0.0 0.0 0.0 0.0 0.0 0.0 5000.0 0.0 0.0 0.0 0.0 2000.0 0.0 0.0 0.0 0.0 0.0 0.0 1200.0 0.0 0.0 
0.0 0.0 0.0 0.0 2000.0 0.0 0.0 0.0 0.0 0.0 0.0 0.0 0.0 0.0 0.0 0.0 0.0 0.0 5000.0 3000.0 0.0 0.0 0.0 0.0 0.0 5000.0 0.0 0.0 3000.0 0.0 
0.0 0.0 0.0 0.0 0.0 0.0 0.0 3000.0 0.0 0.0 0.0 0.0 0.0 0.0 0.0 0.0 0.0 0.0 0.0 0.0 1200.0 0.0 0.0 0.0 0.0 0.0 0.0 1600.0 5000.0 0.0 
0.0 0.0 0.0 0.0 1600.0 0.0 0.0 0.0 0.0 0.0 0.0 0.0 0.0 0.0 0.0 3000.0 0.0 0.0 0.0 0.0 0.0 0.0 0.0 0.0 0.0 0.0 0.0 0.0 0.0 0.0 
1600.0 0.0 0.0 0.0 0.0 0.0 0.0 0.0 3000.0 0.0 0.0 0.0 0.0 0.0 0.0 0.0 0.0 0.0 0.0 0.0 0.0 0.0 0.0 0.0 0.0 0.0 3000.0 0.0 0.0 0.0 
0.0 0.0 0.0 0.0 0.0 0.0 0.0 1200.0 0.0 0.0 0.0 0.0 0.0 0.0 0.0 0.0 0.0 0.0 0.0 0.0 0.0 0.0 0.0 0.0 0.0 0.0 0.0 0.0 0.0 0.0 
0.0 0.0 0.0 0.0 0.0 2000.0 0.0 0.0 0.0 2000.0 0.0 0.0 0.0 0.0 0.0 0.0 0.0 0.0 0.0 0.0 0.0 0.0 0.0 0.0 0.0 0.0 0.0 0.0 0.0 0.0 
0.0 0.0 0.0 0.0 0.0 0.0 0.0 1600.0 0.0 3000.0 2000.0 0.0 0.0 0.0 0.0 0.0 0.0 0.0 0.0 0.0 0.0 0.0 0.0 0.0 0.0 2000.0 0.0 0.0 0.0 0.0 
0.0 0.0 0.0 0.0 0.0 0.0 1600.0 0.0 0.0 0.0 0.0 0.0 0.0 0.0 0.0 0.0 0.0 0.0 0.0 0.0 0.0 2000.0 0.0 0.0 0.0 0.0 0.0 0.0 5000.0 0.0 
Solution for the problem:
