number of function:5
1: 0.0
2: 0.0
3: 0.0
4: 0.0
5: 0.0
number of Demand:3
1: 11: 10: 50.0: 13.0: 2 : 2    5    
2: 4: 2: 100.0: 13.0: 4 : 3    4    1    2    
3: 9: 3: 100.0: 13.0: 5 : 5    4    1    3    2    
virtual node:15
0.0 0.0 0.0 0.0 0.0 1600.0 0.0 1200.0 0.0 0.0 0.0 1200.0 1200.0 0.0 1200.0 
0.0 0.0 0.0 2000.0 0.0 2000.0 0.0 1200.0 2000.0 0.0 0.0 0.0 0.0 0.0 0.0 
0.0 1600.0 0.0 5000.0 0.0 0.0 0.0 0.0 0.0 0.0 0.0 0.0 1200.0 0.0 0.0 
0.0 0.0 0.0 0.0 0.0 0.0 5000.0 1600.0 0.0 3000.0 0.0 0.0 1200.0 1600.0 5000.0 
0.0 0.0 1600.0 0.0 0.0 0.0 0.0 0.0 0.0 2000.0 2000.0 0.0 0.0 0.0 0.0 
0.0 0.0 0.0 0.0 0.0 0.0 0.0 0.0 0.0 0.0 0.0 1200.0 3000.0 0.0 3000.0 
0.0 0.0 0.0 0.0 0.0 3000.0 0.0 0.0 0.0 0.0 5000.0 0.0 0.0 0.0 2000.0 
0.0 0.0 1600.0 3000.0 0.0 0.0 0.0 0.0 0.0 0.0 0.0 0.0 0.0 0.0 0.0 
0.0 0.0 0.0 0.0 0.0 0.0 0.0 0.0 0.0 0.0 0.0 0.0 0.0 0.0 3000.0 
5000.0 0.0 1600.0 0.0 0.0 0.0 0.0 1200.0 5000.0 0.0 0.0 2000.0 0.0 0.0 1200.0 
0.0 1200.0 2000.0 2000.0 0.0 0.0 0.0 0.0 0.0 0.0 0.0 0.0 0.0 1600.0 0.0 
0.0 0.0 1200.0 0.0 0.0 0.0 5000.0 0.0 0.0 5000.0 1600.0 0.0 0.0 2000.0 0.0 
0.0 2000.0 0.0 0.0 0.0 1200.0 0.0 0.0 0.0 0.0 0.0 1200.0 0.0 0.0 0.0 
0.0 1600.0 0.0 0.0 0.0 5000.0 3000.0 0.0 2000.0 1200.0 0.0 0.0 0.0 0.0 1600.0 
2000.0 3000.0 3000.0 0.0 0.0 0.0 0.0 0.0 0.0 0.0 0.0 5000.0 0.0 0.0 0.0 
Solution for the problem:
Objective optimal Value: 6.098400000000001
x1[0][1][13] : 1.0
x1[0][4][11] : 1.0
x1[1][0][14] : 1.0
x1[1][1][13] : 1.0
x1[1][2][14] : 1.0
x1[1][3][13] : 1.0
x1[2][0][14] : 1.0
x1[2][1][14] : 1.0
x1[2][2][11] : 1.0
x1[2][3][11] : 1.0
x1[2][4][14] : 1.0
y1[0][5][11] : 1.0
y1[0][10][13] : 1.0
y1[0][13][9] : 1.0
y1[1][3][13] : 1.0
y1[1][13][14] : 1.0
y1[1][14][1] : 1.0
y1[2][5][11] : 1.0
y1[2][8][14] : 1.0
y1[2][11][2] : 1.0
y1[2][14][1] : 1.0
phi[0][0][5][1] : 1.0
phi[0][0][5][11] : 1.0
phi[0][0][11][5] : 1.0
phi[0][0][13][9] : 1.0
phi[1][0][13][3] : 1.0
phi[1][0][14][1] : 1.0
phi[1][1][13][14] : 1.0
phi[1][1][14][1] : 1.0
phi[1][1][14][5] : 1.0
phi[1][1][14][9] : 1.0
phi[1][2][13][11] : 1.0
phi[1][2][14][1] : 1.0
phi[2][0][5][11] : 1.0
phi[2][0][5][13] : 1.0
phi[2][0][8][9] : 1.0
phi[2][0][8][14] : 1.0
phi[2][0][11][0] : 1.0
phi[2][0][14][1] : 1.0
phi[2][1][5][1] : 1.0
phi[2][1][5][11] : 1.0
phi[2][1][8][9] : 1.0
phi[2][1][8][14] : 1.0
phi[2][1][11][2] : 1.0
phi[2][1][14][1] : 1.0
phi[2][1][14][9] : 1.0
phi[2][1][14][13] : 1.0
phi[2][2][5][1] : 1.0
phi[2][2][5][11] : 1.0
phi[2][2][11][14] : 1.0
phi[2][2][14][1] : 1.0
phi[2][3][5][11] : 1.0
phi[2][3][5][13] : 1.0
phi[2][3][8][13] : 1.0
phi[2][3][8][14] : 1.0
phi[2][3][11][2] : 1.0
phi[2][3][14][1] : 1.0
phi[2][3][14][5] : 1.0
phi[2][3][14][13] : 1.0

