number of function:5
1: 0.0
2: 0.0
3: 0.0
4: 0.0
5: 0.0
number of Demand:10
1: 9: 11: 100.0: 13.0: 5 : 3    4    2    5    1    
2: 11: 5: 100.0: 13.0: 2 : 4    1    
3: 12: 4: 50.0: 13.0: 3 : 5    2    1    
4: 10: 1: 50.0: 13.0: 2 : 3    1    
5: 4: 10: 100.0: 13.0: 4 : 1    4    2    3    
6: 1: 7: 50.0: 13.0: 4 : 5    3    2    4    
7: 4: 2: 100.0: 13.0: 2 : 1    3    
8: 8: 14: 50.0: 13.0: 5 : 1    3    5    2    4    
9: 7: 2: 100.0: 13.0: 2 : 4    5    
10: 14: 9: 100.0: 13.0: 5 : 3    5    4    1    2    
virtual node:15
0.0 0.0 0.0 0.0 0.0 3000.0 0.0 1200.0 0.0 0.0 0.0 2000.0 5000.0 0.0 1200.0 
0.0 0.0 0.0 5000.0 0.0 1600.0 0.0 1200.0 5000.0 0.0 0.0 0.0 0.0 0.0 0.0 
0.0 1600.0 0.0 1600.0 0.0 0.0 0.0 0.0 0.0 0.0 0.0 0.0 2000.0 0.0 0.0 
0.0 0.0 0.0 0.0 0.0 0.0 1200.0 2000.0 0.0 5000.0 0.0 0.0 5000.0 3000.0 3000.0 
0.0 0.0 1600.0 0.0 0.0 0.0 0.0 0.0 0.0 3000.0 3000.0 0.0 0.0 0.0 0.0 
0.0 0.0 0.0 0.0 0.0 0.0 0.0 0.0 0.0 0.0 0.0 1200.0 1200.0 0.0 1200.0 
0.0 0.0 0.0 0.0 0.0 2000.0 0.0 0.0 0.0 0.0 1200.0 0.0 0.0 0.0 5000.0 
0.0 0.0 1200.0 1600.0 0.0 0.0 0.0 0.0 0.0 0.0 0.0 0.0 0.0 0.0 0.0 
0.0 0.0 0.0 0.0 0.0 0.0 0.0 0.0 0.0 0.0 0.0 0.0 0.0 0.0 1600.0 
3000.0 0.0 1200.0 0.0 0.0 0.0 0.0 3000.0 3000.0 0.0 0.0 1200.0 0.0 0.0 3000.0 
0.0 3000.0 5000.0 1200.0 0.0 0.0 0.0 0.0 0.0 0.0 0.0 0.0 0.0 2000.0 0.0 
0.0 0.0 2000.0 0.0 0.0 0.0 5000.0 0.0 0.0 1600.0 2000.0 0.0 0.0 1200.0 0.0 
0.0 2000.0 0.0 0.0 0.0 1200.0 0.0 0.0 0.0 0.0 0.0 2000.0 0.0 0.0 0.0 
0.0 1600.0 0.0 0.0 0.0 1200.0 3000.0 0.0 1200.0 1600.0 0.0 0.0 0.0 0.0 1200.0 
3000.0 3000.0 1600.0 0.0 0.0 0.0 0.0 0.0 0.0 0.0 0.0 3000.0 0.0 0.0 0.0 
Solution for the problem:
