number of function:5
1: 0.0
2: 0.0
3: 0.0
4: 0.0
5: 0.0
number of Demand:5
1: 5: 11: 50.0: 13.0: 2 : 4    1    
2: 1: 7: 100.0: 13.0: 3 : 4    5    2    
3: 1: 12: 50.0: 13.0: 3 : 1    2    4    
4: 11: 7: 50.0: 13.0: 3 : 2    1    5    
5: 10: 13: 100.0: 13.0: 4 : 4    3    1    2    
virtual node:15
0.0 0.0 0.0 0.0 0.0 3000.0 0.0 1200.0 0.0 0.0 0.0 5000.0 5000.0 0.0 3000.0 
0.0 0.0 0.0 2000.0 0.0 3000.0 0.0 3000.0 3000.0 0.0 0.0 0.0 0.0 0.0 0.0 
0.0 1600.0 0.0 2000.0 0.0 0.0 0.0 0.0 0.0 0.0 0.0 0.0 2000.0 0.0 0.0 
0.0 0.0 0.0 0.0 0.0 0.0 2000.0 5000.0 0.0 2000.0 0.0 0.0 2000.0 5000.0 1600.0 
0.0 0.0 2000.0 0.0 0.0 0.0 0.0 0.0 0.0 1600.0 3000.0 0.0 0.0 0.0 0.0 
0.0 0.0 0.0 0.0 0.0 0.0 0.0 0.0 0.0 0.0 0.0 2000.0 3000.0 0.0 1200.0 
0.0 0.0 0.0 0.0 0.0 1600.0 0.0 0.0 0.0 0.0 2000.0 0.0 0.0 0.0 1600.0 
0.0 0.0 1600.0 3000.0 0.0 0.0 0.0 0.0 0.0 0.0 0.0 0.0 0.0 0.0 0.0 
0.0 0.0 0.0 0.0 0.0 0.0 0.0 0.0 0.0 0.0 0.0 0.0 0.0 0.0 1600.0 
1200.0 0.0 5000.0 0.0 0.0 0.0 0.0 3000.0 2000.0 0.0 0.0 1200.0 0.0 0.0 2000.0 
0.0 2000.0 5000.0 2000.0 0.0 0.0 0.0 0.0 0.0 0.0 0.0 0.0 0.0 5000.0 0.0 
0.0 0.0 1600.0 0.0 0.0 0.0 1600.0 0.0 0.0 2000.0 1600.0 0.0 0.0 1200.0 0.0 
0.0 3000.0 0.0 0.0 0.0 5000.0 0.0 0.0 0.0 0.0 0.0 5000.0 0.0 0.0 0.0 
0.0 1200.0 0.0 0.0 0.0 1600.0 5000.0 0.0 2000.0 3000.0 0.0 0.0 0.0 0.0 1200.0 
5000.0 2000.0 2000.0 0.0 0.0 0.0 0.0 0.0 0.0 0.0 0.0 2000.0 0.0 0.0 0.0 
Solution for the problem:
Objective optimal Value: 1687.092000000002
x1[0][0][2] : 1.0
x1[0][3][2] : 1.0
x1[1][1][6] : 1.0
x1[1][3][6] : 1.0
x1[1][4][6] : 1.0
x1[2][0][2] : 1.0
x1[2][1][2] : 1.0
x1[2][3][2] : 1.0
x1[3][0][3] : 1.0
x1[3][1][3] : 1.0
x1[3][4][3] : 1.0
x1[4][0][12] : 1.0
x1[4][1][12] : 1.0
x1[4][2][12] : 1.0
x1[4][3][12] : 1.0
y1[0][4][2] : 1.0
y1[0][11][10] : 1.0
y1[1][0][7] : 1.0
y1[1][11][6] : 1.0
y1[2][0][7] : 1.0
y1[2][7][2] : 1.0
y1[2][14][11] : 1.0
y1[3][10][3] : 1.0
y1[3][11][6] : 1.0
y1[4][3][12] : 1.0
y1[4][9][0] : 1.0
y2[0][0][0] : 1.0
y2[0][1][1] : 1.0
y2[0][2][2] : 1.0
y2[0][3][3] : 1.0
y2[0][4][2] : 1.0
y2[0][4][4] : 1.0
y2[0][5][5] : 1.0
y2[0][6][6] : 1.0
y2[0][7][7] : 1.0
y2[0][8][8] : 1.0
y2[0][9][9] : 1.0
y2[0][10][10] : 1.0
y2[0][11][10] : 1.0
y2[0][11][11] : 1.0
y2[0][12][12] : 1.0
y2[0][13][13] : 1.0
y2[0][14][14] : 1.0
y2[1][0][0] : 1.0
y2[1][0][7] : 1.0
y2[1][1][1] : 1.0
y2[1][2][2] : 1.0
y2[1][3][3] : 1.0
y2[1][4][4] : 1.0
y2[1][5][5] : 1.0
y2[1][6][6] : 1.0
y2[1][7][7] : 1.0
y2[1][8][8] : 1.0
y2[1][9][9] : 1.0
y2[1][10][10] : 1.0
y2[1][11][6] : 1.0
y2[1][11][11] : 1.0
y2[1][12][12] : 1.0
y2[1][13][13] : 1.0
y2[1][14][14] : 1.0
y2[2][0][0] : 1.0
y2[2][0][2] : 1.0
y2[2][0][7] : 1.0
y2[2][1][1] : 1.0
y2[2][2][2] : 1.0
y2[2][3][3] : 1.0
y2[2][4][4] : 1.0
y2[2][5][5] : 1.0
y2[2][6][6] : 1.0
y2[2][7][2] : 1.0
y2[2][7][7] : 1.0
y2[2][8][8] : 1.0
y2[2][9][9] : 1.0
y2[2][10][10] : 1.0
y2[2][11][11] : 1.0
y2[2][12][12] : 1.0
y2[2][13][13] : 1.0
y2[2][14][11] : 1.0
y2[2][14][14] : 1.0
y2[3][0][0] : 1.0
y2[3][1][1] : 1.0
y2[3][2][2] : 1.0
y2[3][3][3] : 1.0
y2[3][4][4] : 1.0
y2[3][5][5] : 1.0
y2[3][6][6] : 1.0
y2[3][7][7] : 1.0
y2[3][8][8] : 1.0
y2[3][9][9] : 1.0
y2[3][10][3] : 1.0
y2[3][10][10] : 1.0
y2[3][11][6] : 1.0
y2[3][11][11] : 1.0
y2[3][12][12] : 1.0
y2[3][13][13] : 1.0
y2[3][14][14] : 1.0
y2[4][0][0] : 1.0
y2[4][1][1] : 1.0
y2[4][2][2] : 1.0
y2[4][3][3] : 1.0
y2[4][3][12] : 1.0
y2[4][4][4] : 1.0
y2[4][5][5] : 1.0
y2[4][6][6] : 1.0
y2[4][7][7] : 1.0
y2[4][8][8] : 1.0
y2[4][9][0] : 1.0
y2[4][9][9] : 1.0
y2[4][10][10] : 1.0
y2[4][11][11] : 1.0
y2[4][12][12] : 1.0
y2[4][13][13] : 1.0
y2[4][14][14] : 1.0

