number of function:5
1: 0.0
2: 0.0
3: 0.0
4: 0.0
5: 0.0
number of Demand:15
1: 7: 2: 100.0: 13.0: 4 : 5    2    4    3    
2: 17: 8: 100.0: 13.0: 5 : 3    4    5    1    2    
3: 12: 17: 100.0: 13.0: 3 : 1    4    5    
4: 11: 12: 100.0: 13.0: 4 : 2    5    1    3    
5: 16: 29: 50.0: 13.0: 2 : 3    2    
6: 25: 24: 100.0: 13.0: 3 : 2    4    1    
7: 30: 3: 100.0: 13.0: 4 : 2    1    5    3    
8: 14: 15: 100.0: 13.0: 5 : 5    1    3    2    4    
9: 16: 18: 50.0: 13.0: 2 : 4    2    
10: 30: 17: 100.0: 13.0: 5 : 1    2    4    3    5    
11: 17: 3: 50.0: 13.0: 5 : 3    2    1    5    4    
12: 12: 29: 100.0: 13.0: 5 : 3    2    5    4    1    
13: 1: 28: 100.0: 13.0: 5 : 5    2    4    3    1    
14: 8: 25: 50.0: 13.0: 5 : 4    3    5    1    2    
15: 28: 3: 100.0: 13.0: 2 : 2    5    
virtual node:30
0.0 0.0 0.0 0.0 0.0 0.0 0.0 5000.0 0.0 0.0 0.0 0.0 0.0 0.0 3000.0 0.0 0.0 0.0 3000.0 0.0 0.0 0.0 0.0 0.0 0.0 0.0 0.0 0.0 1600.0 0.0 
0.0 0.0 0.0 0.0 0.0 0.0 0.0 0.0 0.0 0.0 0.0 0.0 0.0 0.0 0.0 1600.0 0.0 0.0 0.0 0.0 0.0 0.0 0.0 0.0 0.0 0.0 0.0 5000.0 0.0 0.0 
0.0 0.0 0.0 0.0 0.0 0.0 0.0 0.0 0.0 0.0 0.0 3000.0 0.0 0.0 0.0 0.0 0.0 0.0 5000.0 0.0 0.0 0.0 0.0 0.0 0.0 0.0 0.0 0.0 0.0 0.0 
0.0 0.0 0.0 0.0 0.0 0.0 0.0 0.0 0.0 0.0 0.0 2000.0 0.0 0.0 0.0 0.0 0.0 1600.0 0.0 0.0 0.0 0.0 0.0 0.0 0.0 1600.0 0.0 0.0 0.0 0.0 
0.0 3000.0 0.0 0.0 0.0 0.0 0.0 0.0 0.0 0.0 0.0 0.0 0.0 0.0 0.0 0.0 0.0 0.0 0.0 0.0 0.0 0.0 0.0 0.0 0.0 0.0 0.0 0.0 0.0 0.0 
0.0 0.0 0.0 0.0 0.0 0.0 0.0 0.0 0.0 2000.0 0.0 0.0 0.0 0.0 0.0 0.0 0.0 0.0 0.0 0.0 0.0 0.0 0.0 0.0 0.0 0.0 0.0 0.0 0.0 0.0 
0.0 0.0 0.0 0.0 0.0 5000.0 0.0 0.0 0.0 3000.0 1600.0 0.0 1200.0 0.0 0.0 0.0 0.0 0.0 0.0 5000.0 0.0 0.0 0.0 0.0 0.0 0.0 0.0 0.0 0.0 0.0 
0.0 1200.0 0.0 0.0 0.0 0.0 0.0 0.0 0.0 0.0 0.0 0.0 0.0 0.0 0.0 0.0 0.0 0.0 0.0 0.0 3000.0 0.0 0.0 0.0 0.0 0.0 0.0 0.0 0.0 0.0 
0.0 0.0 0.0 0.0 0.0 0.0 0.0 0.0 0.0 0.0 0.0 0.0 0.0 1200.0 5000.0 2000.0 1600.0 0.0 0.0 0.0 0.0 0.0 0.0 0.0 0.0 0.0 0.0 5000.0 0.0 0.0 
0.0 0.0 0.0 0.0 0.0 0.0 0.0 0.0 0.0 0.0 0.0 3000.0 0.0 1200.0 0.0 0.0 0.0 0.0 0.0 0.0 0.0 0.0 0.0 0.0 0.0 0.0 0.0 0.0 0.0 0.0 
0.0 0.0 0.0 0.0 0.0 0.0 0.0 0.0 0.0 0.0 0.0 0.0 1600.0 0.0 3000.0 0.0 0.0 0.0 0.0 0.0 0.0 0.0 0.0 0.0 0.0 0.0 2000.0 0.0 0.0 2000.0 
0.0 1600.0 0.0 0.0 5000.0 0.0 0.0 0.0 0.0 0.0 2000.0 0.0 0.0 0.0 0.0 0.0 1200.0 0.0 0.0 1200.0 0.0 0.0 0.0 0.0 0.0 0.0 0.0 0.0 5000.0 0.0 
0.0 0.0 1200.0 0.0 5000.0 0.0 0.0 0.0 0.0 0.0 0.0 0.0 0.0 0.0 0.0 0.0 0.0 0.0 0.0 0.0 0.0 0.0 0.0 0.0 0.0 0.0 0.0 0.0 1200.0 0.0 
0.0 0.0 0.0 0.0 0.0 0.0 0.0 0.0 0.0 0.0 0.0 0.0 0.0 0.0 0.0 0.0 0.0 0.0 0.0 0.0 0.0 0.0 0.0 0.0 0.0 0.0 0.0 0.0 0.0 0.0 
0.0 0.0 0.0 0.0 0.0 1600.0 0.0 0.0 0.0 0.0 3000.0 0.0 0.0 0.0 0.0 5000.0 0.0 0.0 2000.0 0.0 0.0 0.0 0.0 0.0 0.0 0.0 0.0 0.0 0.0 0.0 
0.0 1600.0 0.0 0.0 0.0 0.0 0.0 0.0 0.0 0.0 0.0 0.0 0.0 0.0 0.0 0.0 0.0 0.0 0.0 0.0 5000.0 0.0 1200.0 0.0 0.0 0.0 0.0 0.0 0.0 3000.0 
0.0 0.0 0.0 0.0 0.0 0.0 0.0 0.0 5000.0 0.0 0.0 0.0 0.0 0.0 0.0 0.0 0.0 0.0 0.0 1600.0 0.0 0.0 0.0 2000.0 0.0 0.0 0.0 0.0 0.0 0.0 
0.0 0.0 0.0 0.0 1200.0 0.0 0.0 0.0 0.0 0.0 0.0 0.0 0.0 0.0 0.0 0.0 0.0 0.0 0.0 0.0 0.0 0.0 0.0 0.0 1200.0 0.0 0.0 0.0 0.0 0.0 
0.0 0.0 0.0 0.0 0.0 0.0 2000.0 0.0 0.0 0.0 0.0 0.0 0.0 0.0 0.0 0.0 1600.0 0.0 0.0 0.0 1600.0 0.0 0.0 0.0 0.0 0.0 0.0 0.0 0.0 0.0 
0.0 0.0 0.0 0.0 0.0 0.0 0.0 0.0 0.0 0.0 0.0 0.0 0.0 0.0 0.0 0.0 0.0 0.0 0.0 0.0 2000.0 0.0 1600.0 3000.0 0.0 0.0 0.0 0.0 0.0 0.0 
0.0 0.0 0.0 0.0 0.0 0.0 0.0 0.0 0.0 0.0 0.0 0.0 5000.0 0.0 0.0 0.0 0.0 0.0 0.0 0.0 0.0 0.0 0.0 0.0 0.0 0.0 5000.0 0.0 0.0 0.0 
0.0 0.0 0.0 0.0 0.0 0.0 0.0 0.0 0.0 0.0 0.0 0.0 0.0 0.0 0.0 5000.0 0.0 0.0 0.0 0.0 2000.0 0.0 0.0 0.0 0.0 0.0 0.0 1200.0 0.0 0.0 
0.0 0.0 0.0 0.0 2000.0 0.0 0.0 0.0 0.0 0.0 0.0 0.0 0.0 0.0 0.0 0.0 0.0 0.0 5000.0 3000.0 0.0 0.0 0.0 0.0 0.0 5000.0 0.0 0.0 3000.0 0.0 
0.0 0.0 0.0 0.0 0.0 0.0 0.0 3000.0 0.0 0.0 0.0 0.0 0.0 0.0 0.0 0.0 0.0 0.0 0.0 0.0 1200.0 0.0 0.0 0.0 0.0 0.0 0.0 1600.0 5000.0 0.0 
0.0 0.0 0.0 0.0 1600.0 0.0 0.0 0.0 0.0 0.0 0.0 0.0 0.0 0.0 0.0 3000.0 0.0 0.0 0.0 0.0 0.0 0.0 0.0 0.0 0.0 0.0 0.0 0.0 0.0 0.0 
1600.0 0.0 0.0 0.0 0.0 0.0 0.0 0.0 3000.0 0.0 0.0 0.0 0.0 0.0 0.0 0.0 0.0 0.0 0.0 0.0 0.0 0.0 0.0 0.0 0.0 0.0 3000.0 0.0 0.0 0.0 
0.0 0.0 0.0 0.0 0.0 0.0 0.0 1200.0 0.0 0.0 0.0 0.0 0.0 0.0 0.0 0.0 0.0 0.0 0.0 0.0 0.0 0.0 0.0 0.0 0.0 0.0 0.0 0.0 0.0 0.0 
0.0 0.0 0.0 0.0 0.0 2000.0 0.0 0.0 0.0 2000.0 0.0 0.0 0.0 0.0 0.0 0.0 0.0 0.0 0.0 0.0 0.0 0.0 0.0 0.0 0.0 0.0 0.0 0.0 0.0 0.0 
0.0 0.0 0.0 0.0 0.0 0.0 0.0 1600.0 0.0 3000.0 2000.0 0.0 0.0 0.0 0.0 0.0 0.0 0.0 0.0 0.0 0.0 0.0 0.0 0.0 0.0 2000.0 0.0 0.0 0.0 0.0 
0.0 0.0 0.0 0.0 0.0 0.0 1600.0 0.0 0.0 0.0 0.0 0.0 0.0 0.0 0.0 0.0 0.0 0.0 0.0 0.0 0.0 2000.0 0.0 0.0 0.0 0.0 0.0 0.0 5000.0 0.0 
Solution for the problem:
