number of function:5
1: 0.0
2: 0.0
3: 0.0
4: 0.0
5: 0.0
number of Demand:15
1: 13: 11: 50.0: 13.0: 2 : 2    3    
2: 11: 10: 100.0: 13.0: 2 : 4    3    
3: 8: 15: 100.0: 13.0: 5 : 4    1    3    5    2    
4: 4: 7: 50.0: 13.0: 3 : 2    1    3    
5: 15: 3: 100.0: 13.0: 3 : 1    4    2    
6: 11: 5: 50.0: 13.0: 2 : 4    3    
7: 9: 10: 50.0: 13.0: 2 : 4    3    
8: 2: 8: 100.0: 13.0: 2 : 5    3    
9: 5: 2: 100.0: 13.0: 3 : 4    3    2    
10: 10: 5: 100.0: 13.0: 4 : 1    4    3    5    
11: 5: 10: 50.0: 13.0: 5 : 2    1    4    3    5    
12: 13: 6: 100.0: 13.0: 5 : 4    3    2    1    5    
13: 9: 8: 100.0: 13.0: 2 : 2    5    
14: 4: 9: 100.0: 13.0: 4 : 4    2    1    3    
15: 12: 6: 50.0: 13.0: 4 : 1    2    3    4    
virtual node:15
0.0 0.0 0.0 0.0 0.0 3000.0 0.0 2000.0 0.0 0.0 0.0 1200.0 3000.0 0.0 1600.0 
0.0 0.0 0.0 3000.0 0.0 5000.0 0.0 1600.0 1600.0 0.0 0.0 0.0 0.0 0.0 0.0 
0.0 1600.0 0.0 3000.0 0.0 0.0 0.0 0.0 0.0 0.0 0.0 0.0 2000.0 0.0 0.0 
0.0 0.0 0.0 0.0 0.0 0.0 2000.0 1200.0 0.0 1600.0 0.0 0.0 5000.0 5000.0 1600.0 
0.0 0.0 1600.0 0.0 0.0 0.0 0.0 0.0 0.0 2000.0 1600.0 0.0 0.0 0.0 0.0 
0.0 0.0 0.0 0.0 0.0 0.0 0.0 0.0 0.0 0.0 0.0 2000.0 2000.0 0.0 1600.0 
0.0 0.0 0.0 0.0 0.0 3000.0 0.0 0.0 0.0 0.0 3000.0 0.0 0.0 0.0 5000.0 
0.0 0.0 5000.0 3000.0 0.0 0.0 0.0 0.0 0.0 0.0 0.0 0.0 0.0 0.0 0.0 
0.0 0.0 0.0 0.0 0.0 0.0 0.0 0.0 0.0 0.0 0.0 0.0 0.0 0.0 5000.0 
1600.0 0.0 1200.0 0.0 0.0 0.0 0.0 1200.0 1600.0 0.0 0.0 2000.0 0.0 0.0 2000.0 
0.0 1200.0 2000.0 5000.0 0.0 0.0 0.0 0.0 0.0 0.0 0.0 0.0 0.0 3000.0 0.0 
0.0 0.0 2000.0 0.0 0.0 0.0 2000.0 0.0 0.0 5000.0 2000.0 0.0 0.0 2000.0 0.0 
0.0 3000.0 0.0 0.0 0.0 1200.0 0.0 0.0 0.0 0.0 0.0 3000.0 0.0 0.0 0.0 
0.0 5000.0 0.0 0.0 0.0 1600.0 3000.0 0.0 3000.0 2000.0 0.0 0.0 0.0 0.0 1600.0 
2000.0 2000.0 2000.0 0.0 0.0 0.0 0.0 0.0 0.0 0.0 0.0 1600.0 0.0 0.0 0.0 
Solution for the problem:
