number of function:5
1: 0.0
2: 0.0
3: 0.0
4: 0.0
5: 0.0
number of Demand:8
1: 11: 2: 50.0: 13.0: 3 : 1    5    2    
2: 1: 15: 50.0: 13.0: 2 : 3    1    
3: 1: 15: 50.0: 13.0: 5 : 3    2    1    5    4    
4: 15: 10: 50.0: 13.0: 3 : 4    1    3    
5: 13: 7: 50.0: 13.0: 5 : 4    5    1    3    2    
6: 6: 8: 50.0: 13.0: 5 : 4    1    5    2    3    
7: 11: 14: 100.0: 13.0: 3 : 3    5    1    
8: 10: 12: 100.0: 13.0: 2 : 3    2    
virtual node:15
0.0 0.0 0.0 0.0 0.0 3000.0 0.0 1600.0 0.0 0.0 0.0 5000.0 1600.0 0.0 1200.0 
0.0 0.0 0.0 1200.0 0.0 1200.0 0.0 1600.0 1600.0 0.0 0.0 0.0 0.0 0.0 0.0 
0.0 1200.0 0.0 5000.0 0.0 0.0 0.0 0.0 0.0 0.0 0.0 0.0 5000.0 0.0 0.0 
0.0 0.0 0.0 0.0 0.0 0.0 2000.0 3000.0 0.0 5000.0 0.0 0.0 1200.0 2000.0 2000.0 
0.0 0.0 3000.0 0.0 0.0 0.0 0.0 0.0 0.0 2000.0 3000.0 0.0 0.0 0.0 0.0 
0.0 0.0 0.0 0.0 0.0 0.0 0.0 0.0 0.0 0.0 0.0 1200.0 2000.0 0.0 2000.0 
0.0 0.0 0.0 0.0 0.0 5000.0 0.0 0.0 0.0 0.0 3000.0 0.0 0.0 0.0 2000.0 
0.0 0.0 2000.0 1600.0 0.0 0.0 0.0 0.0 0.0 0.0 0.0 0.0 0.0 0.0 0.0 
0.0 0.0 0.0 0.0 0.0 0.0 0.0 0.0 0.0 0.0 0.0 0.0 0.0 0.0 2000.0 
2000.0 0.0 3000.0 0.0 0.0 0.0 0.0 1600.0 5000.0 0.0 0.0 1600.0 0.0 0.0 1600.0 
0.0 1200.0 1200.0 3000.0 0.0 0.0 0.0 0.0 0.0 0.0 0.0 0.0 0.0 3000.0 0.0 
0.0 0.0 1200.0 0.0 0.0 0.0 1200.0 0.0 0.0 3000.0 1600.0 0.0 0.0 5000.0 0.0 
0.0 3000.0 0.0 0.0 0.0 3000.0 0.0 0.0 0.0 0.0 0.0 1200.0 0.0 0.0 0.0 
0.0 3000.0 0.0 0.0 0.0 1600.0 1600.0 0.0 1600.0 5000.0 0.0 0.0 0.0 0.0 3000.0 
2000.0 2000.0 5000.0 0.0 0.0 0.0 0.0 0.0 0.0 0.0 0.0 1600.0 0.0 0.0 0.0 
Solution for the problem:
Objective optimal Value: 17.948000000000008
x1[1][1][7] : 1.0
x1[1][2][3] : 1.0
x1[1][5][1] : 1.0
x1[2][1][7] : 1.0
x1[2][3][1] : 1.0
x1[3][1][3] : 1.0
x1[3][2][13] : 1.0
x1[3][3][1] : 1.0
x1[3][4][7] : 1.0
x1[3][5][2] : 1.0
x1[4][1][13] : 1.0
x1[4][3][3] : 1.0
x1[4][4][1] : 1.0
x1[5][1][3] : 1.0
x1[5][2][7] : 1.0
x1[5][3][2] : 1.0
x1[5][4][13] : 1.0
x1[5][5][1] : 1.0
x1[6][1][3] : 1.0
x1[6][2][7] : 1.0
x1[6][3][1] : 1.0
x1[6][4][13] : 1.0
x1[6][5][2] : 1.0
x1[7][1][13] : 1.0
x1[7][3][3] : 1.0
x1[7][5][1] : 1.0
x1[8][2][13] : 1.0
x1[8][3][1] : 1.0
y1[1][1][8] : 1.0
y1[1][3][2] : 1.0
y1[1][7][15] : 1.0
y1[1][8][3] : 1.0
y1[1][11][14] : 1.0
y1[1][14][7] : 1.0
y1[1][15][1] : 1.0
y1[2][1][13] : 1.0
y1[2][7][15] : 1.0
y1[2][12][7] : 1.0
y1[2][13][12] : 1.0
y1[3][1][13] : 1.0
y1[3][2][4] : 1.0
y1[3][3][2] : 1.0
y1[3][4][7] : 1.0
y1[3][7][15] : 1.0
y1[3][12][3] : 1.0
y1[3][13][12] : 1.0
y1[4][1][13] : 1.0
y1[4][2][4] : 1.0
y1[4][3][2] : 1.0
y1[4][4][10] : 1.0
y1[4][12][3] : 1.0
y1[4][13][12] : 1.0
y1[4][15][1] : 1.0
y1[5][1][8] : 1.0
y1[5][2][4] : 1.0
y1[5][3][2] : 1.0
y1[5][4][7] : 1.0
y1[5][8][3] : 1.0
y1[5][10][1] : 1.0
y1[5][12][10] : 1.0
y1[5][13][12] : 1.0
y1[6][1][8] : 1.0
y1[6][2][4] : 1.0
y1[6][3][2] : 1.0
y1[6][4][7] : 1.0
y1[6][6][13] : 1.0
y1[6][7][15] : 1.0
y1[6][12][3] : 1.0
y1[6][13][12] : 1.0
y1[6][15][1] : 1.0
y1[7][1][13] : 1.0
y1[7][2][6] : 1.0
y1[7][3][2] : 1.0
y1[7][6][15] : 1.0
y1[7][11][3] : 1.0
y1[7][12][14] : 1.0
y1[7][13][12] : 1.0
y1[7][15][1] : 1.0
y1[8][1][13] : 1.0
y1[8][10][1] : 1.0
y1[8][13][12] : 1.0
phi[1][1][11][14] : 1.0
phi[1][1][12][11] : 2.220446049250313E-16
phi[1][1][14][7] : 1.0
phi[1][2][7][15] : 1.0
phi[1][2][12][11] : 2.220446049250313E-16
phi[1][2][15][1] : 1.0
phi[1][3][1][8] : 1.0
phi[1][3][8][3] : 1.0
phi[1][3][12][11] : 2.220446049250313E-16
phi[1][4][3][2] : 1.0
phi[1][4][12][11] : 2.220446049250313E-16
phi[2][1][1][13] : 1.1102230246251565E-16
phi[2][2][1][13] : 1.0
phi[2][2][12][7] : 1.0
phi[2][2][13][12] : 1.0
phi[2][3][7][15] : 1.0
phi[3][2][1][13] : 1.0
phi[3][3][12][3] : 1.0
phi[3][3][13][12] : 1.0
phi[3][4][3][2] : 1.0
phi[3][5][2][4] : 1.0
phi[3][5][4][7] : 1.0
phi[3][6][7][15] : 1.0
phi[4][1][1][15] : 2.220446049250313E-16
phi[4][1][4][15] : 2.220446049250313E-16
phi[4][1][6][15] : 2.220446049250313E-16
phi[4][1][7][15] : 2.220446049250313E-16
phi[4][1][9][15] : 2.220446049250313E-16
phi[4][1][14][15] : 2.220446049250313E-16
phi[4][1][15][1] : 1.0
phi[4][2][1][13] : 1.0
phi[4][2][1][15] : 2.220446049250313E-16
phi[4][2][4][15] : 2.220446049250313E-16
phi[4][2][6][15] : 2.220446049250313E-16
phi[4][2][7][15] : 2.220446049250313E-16
phi[4][2][9][15] : 2.220446049250313E-16
phi[4][2][14][15] : 2.220446049250313E-16
phi[4][3][1][15] : 2.220446049250313E-16
phi[4][3][4][15] : 2.220446049250313E-16
phi[4][3][6][15] : 2.220446049250313E-16
phi[4][3][7][15] : 2.220446049250313E-16
phi[4][3][9][15] : 2.220446049250313E-16
phi[4][3][12][3] : 1.0
phi[4][3][13][12] : 1.0
phi[4][3][14][15] : 2.220446049250313E-16
phi[4][4][1][15] : 2.220446049250313E-16
phi[4][4][2][4] : 1.0
phi[4][4][3][2] : 1.0
phi[4][4][4][10] : 1.0
phi[4][4][4][15] : 2.220446049250313E-16
phi[4][4][6][15] : 2.220446049250313E-16
phi[4][4][7][15] : 2.220446049250313E-16
phi[4][4][9][15] : 2.220446049250313E-16
phi[4][4][14][15] : 2.220446049250313E-16
phi[5][1][1][13] : 2.220446049250313E-16
phi[5][1][3][13] : 2.220446049250313E-16
phi[5][1][4][13] : 2.220446049250313E-16
phi[5][1][6][13] : 2.220446049250313E-16
phi[5][2][1][13] : 2.220446049250313E-16
phi[5][2][3][13] : 2.220446049250313E-16
phi[5][2][4][13] : 2.220446049250313E-16
phi[5][2][6][13] : 2.220446049250313E-16
phi[5][2][10][1] : 1.0
phi[5][2][12][10] : 1.0
phi[5][2][13][12] : 1.0
phi[5][3][1][8] : 1.0
phi[5][3][1][13] : 2.220446049250313E-16
phi[5][3][3][13] : 2.220446049250313E-16
phi[5][3][4][13] : 2.220446049250313E-16
phi[5][3][6][13] : 2.220446049250313E-16
phi[5][3][8][3] : 1.0
phi[5][4][1][13] : 2.220446049250313E-16
phi[5][4][3][2] : 1.0
phi[5][4][3][13] : 2.220446049250313E-16
phi[5][4][4][13] : 2.220446049250313E-16
phi[5][4][6][13] : 2.220446049250313E-16
phi[5][5][1][13] : 2.220446049250313E-16
phi[5][5][2][4] : 1.0
phi[5][5][3][13] : 2.220446049250313E-16
phi[5][5][4][7] : 1.0
phi[5][5][4][13] : 2.220446049250313E-16
phi[5][5][6][13] : 2.220446049250313E-16
phi[5][6][1][13] : 2.220446049250313E-16
phi[5][6][3][13] : 2.220446049250313E-16
phi[5][6][4][13] : 2.220446049250313E-16
phi[5][6][6][13] : 2.220446049250313E-16
phi[6][1][1][6] : 2.220446049250313E-16
phi[6][1][2][6] : 2.220446049250313E-16
phi[6][1][6][13] : 1.0
phi[6][1][7][6] : 2.220446049250313E-16
phi[6][1][13][6] : 2.220446049250313E-16
phi[6][1][14][6] : 2.220446049250313E-16
phi[6][2][1][6] : 2.220446049250313E-16
phi[6][2][2][6] : 2.220446049250313E-16
phi[6][2][7][6] : 2.220446049250313E-16
phi[6][2][12][3] : 0.9999999999999998
phi[6][2][13][6] : 2.220446049250313E-16
phi[6][2][13][12] : 1.0
phi[6][2][14][6] : 2.220446049250313E-16
phi[6][3][1][6] : 2.220446049250313E-16
phi[6][3][2][6] : 2.220446049250313E-16
phi[6][3][3][2] : 1.0
phi[6][3][7][6] : 2.220446049250313E-16
phi[6][3][13][6] : 2.220446049250313E-16
phi[6][3][14][6] : 2.220446049250313E-16
phi[6][4][1][6] : 2.220446049250313E-16
phi[6][4][2][4] : 1.0
phi[6][4][2][6] : 2.220446049250313E-16
phi[6][4][4][7] : 1.0
phi[6][4][7][6] : 2.220446049250313E-16
phi[6][4][13][6] : 2.220446049250313E-16
phi[6][4][14][6] : 2.220446049250313E-16
phi[6][5][1][6] : 2.220446049250313E-16
phi[6][5][2][6] : 2.220446049250313E-16
phi[6][5][7][6] : 2.220446049250313E-16
phi[6][5][7][15] : 1.0
phi[6][5][13][6] : 2.220446049250313E-16
phi[6][5][14][6] : 2.220446049250313E-16
phi[6][5][15][1] : 1.0
phi[6][6][1][6] : 2.220446049250313E-16
phi[6][6][1][8] : 1.0
phi[6][6][2][6] : 2.220446049250313E-16
phi[6][6][7][6] : 2.220446049250313E-16
phi[6][6][13][6] : 2.220446049250313E-16
phi[6][6][14][6] : 2.220446049250313E-16
phi[7][1][3][2] : 6.938893903907228E-18
phi[7][1][10][12] : 3.3306690738754706E-16
phi[7][1][11][3] : 1.0
phi[7][1][12][11] : 2.220446049250313E-16
phi[7][2][2][6] : 1.0
phi[7][2][3][2] : 0.9999999999999999
phi[7][2][6][15] : 1.0
phi[7][2][10][12] : 3.3306690738754706E-16
phi[7][2][12][11] : 2.220446049250313E-16
phi[7][2][15][1] : 1.0
phi[7][3][1][13] : 1.0
phi[7][3][2][4] : 2.7755575615628914E-17
phi[7][3][10][12] : 3.3306690738754706E-16
phi[7][3][12][11] : 2.220446049250313E-16
phi[7][4][2][6] : 6.938893903907228E-18
phi[7][4][3][2] : 6.938893903907228E-18
phi[7][4][6][12] : 6.938893903907228E-18
phi[7][4][12][11] : 2.220446049250313E-16
phi[7][4][12][14] : 1.0
phi[7][4][13][12] : 0.9999999999999999
phi[8][1][4][10] : 2.220446049250313E-16
phi[8][1][10][1] : 1.0
phi[8][1][14][10] : 2.220446049250313E-16
phi[8][2][1][13] : 1.0
phi[8][2][4][10] : 2.220446049250313E-16
phi[8][2][14][10] : 2.220446049250313E-16
phi[8][3][4][10] : 2.220446049250313E-16
phi[8][3][13][12] : 1.0
phi[8][3][14][10] : 2.220446049250313E-16

