number of function:5
1: 0.0
2: 0.0
3: 0.0
4: 0.0
5: 0.0
number of Demand:15
1: 2: 10: 100.0: 13.0: 3 : 2    5    4    
2: 2: 11: 50.0: 13.0: 3 : 1    5    4    
3: 11: 8: 100.0: 13.0: 3 : 3    5    2    
4: 13: 7: 50.0: 13.0: 4 : 4    1    2    5    
5: 1: 9: 100.0: 13.0: 2 : 2    3    
6: 2: 8: 100.0: 13.0: 3 : 1    2    4    
7: 1: 8: 50.0: 13.0: 4 : 3    1    2    5    
8: 4: 13: 100.0: 13.0: 4 : 1    3    5    4    
9: 4: 9: 100.0: 13.0: 4 : 1    2    4    3    
10: 12: 7: 50.0: 13.0: 5 : 2    1    4    5    3    
11: 5: 10: 50.0: 13.0: 3 : 3    1    4    
12: 4: 11: 50.0: 13.0: 5 : 2    5    1    3    4    
13: 14: 3: 50.0: 13.0: 5 : 1    3    2    5    4    
14: 10: 12: 50.0: 13.0: 3 : 4    3    1    
15: 9: 1: 100.0: 13.0: 2 : 4    2    
virtual node:15
0.0 0.0 0.0 0.0 0.0 3000.0 0.0 1600.0 0.0 0.0 0.0 5000.0 1600.0 0.0 1200.0 
0.0 0.0 0.0 1200.0 0.0 1200.0 0.0 1600.0 1600.0 0.0 0.0 0.0 0.0 0.0 0.0 
0.0 1200.0 0.0 5000.0 0.0 0.0 0.0 0.0 0.0 0.0 0.0 0.0 5000.0 0.0 0.0 
0.0 0.0 0.0 0.0 0.0 0.0 2000.0 3000.0 0.0 5000.0 0.0 0.0 1200.0 2000.0 2000.0 
0.0 0.0 3000.0 0.0 0.0 0.0 0.0 0.0 0.0 2000.0 3000.0 0.0 0.0 0.0 0.0 
0.0 0.0 0.0 0.0 0.0 0.0 0.0 0.0 0.0 0.0 0.0 1200.0 2000.0 0.0 2000.0 
0.0 0.0 0.0 0.0 0.0 5000.0 0.0 0.0 0.0 0.0 3000.0 0.0 0.0 0.0 2000.0 
0.0 0.0 2000.0 1600.0 0.0 0.0 0.0 0.0 0.0 0.0 0.0 0.0 0.0 0.0 0.0 
0.0 0.0 0.0 0.0 0.0 0.0 0.0 0.0 0.0 0.0 0.0 0.0 0.0 0.0 2000.0 
2000.0 0.0 3000.0 0.0 0.0 0.0 0.0 1600.0 5000.0 0.0 0.0 1600.0 0.0 0.0 1600.0 
0.0 1200.0 1200.0 3000.0 0.0 0.0 0.0 0.0 0.0 0.0 0.0 0.0 0.0 3000.0 0.0 
0.0 0.0 1200.0 0.0 0.0 0.0 1200.0 0.0 0.0 3000.0 1600.0 0.0 0.0 5000.0 0.0 
0.0 3000.0 0.0 0.0 0.0 3000.0 0.0 0.0 0.0 0.0 0.0 1200.0 0.0 0.0 0.0 
0.0 3000.0 0.0 0.0 0.0 1600.0 1600.0 0.0 1600.0 5000.0 0.0 0.0 0.0 0.0 3000.0 
2000.0 2000.0 5000.0 0.0 0.0 0.0 0.0 0.0 0.0 0.0 0.0 1600.0 0.0 0.0 0.0 
Solution for the problem:
