number of function:5
1: 0.0
2: 0.0
3: 0.0
4: 0.0
5: 0.0
number of Demand:3
1: 12: 9: 100.0: 13.0: 2 : 3    4    
2: 13: 14: 100.0: 13.0: 3 : 2    1    3    
3: 6: 10: 50.0: 13.0: 4 : 3    4    1    2    
virtual node:15
0.0 0.0 0.0 0.0 0.0 3000.0 0.0 1600.0 0.0 0.0 0.0 5000.0 1600.0 0.0 1200.0 
0.0 0.0 0.0 1200.0 0.0 1200.0 0.0 1600.0 1600.0 0.0 0.0 0.0 0.0 0.0 0.0 
0.0 1200.0 0.0 5000.0 0.0 0.0 0.0 0.0 0.0 0.0 0.0 0.0 5000.0 0.0 0.0 
0.0 0.0 0.0 0.0 0.0 0.0 2000.0 3000.0 0.0 5000.0 0.0 0.0 1200.0 2000.0 2000.0 
0.0 0.0 3000.0 0.0 0.0 0.0 0.0 0.0 0.0 2000.0 3000.0 0.0 0.0 0.0 0.0 
0.0 0.0 0.0 0.0 0.0 0.0 0.0 0.0 0.0 0.0 0.0 1200.0 2000.0 0.0 2000.0 
0.0 0.0 0.0 0.0 0.0 5000.0 0.0 0.0 0.0 0.0 3000.0 0.0 0.0 0.0 2000.0 
0.0 0.0 2000.0 1600.0 0.0 0.0 0.0 0.0 0.0 0.0 0.0 0.0 0.0 0.0 0.0 
0.0 0.0 0.0 0.0 0.0 0.0 0.0 0.0 0.0 0.0 0.0 0.0 0.0 0.0 2000.0 
2000.0 0.0 3000.0 0.0 0.0 0.0 0.0 1600.0 5000.0 0.0 0.0 1600.0 0.0 0.0 1600.0 
0.0 1200.0 1200.0 3000.0 0.0 0.0 0.0 0.0 0.0 0.0 0.0 0.0 0.0 3000.0 0.0 
0.0 0.0 1200.0 0.0 0.0 0.0 1200.0 0.0 0.0 3000.0 1600.0 0.0 0.0 5000.0 0.0 
0.0 3000.0 0.0 0.0 0.0 3000.0 0.0 0.0 0.0 0.0 0.0 1200.0 0.0 0.0 0.0 
0.0 3000.0 0.0 0.0 0.0 1600.0 1600.0 0.0 1600.0 5000.0 0.0 0.0 0.0 0.0 3000.0 
2000.0 2000.0 5000.0 0.0 0.0 0.0 0.0 0.0 0.0 0.0 0.0 1600.0 0.0 0.0 0.0 
Solution for the problem:
Objective optimal Value: 5.188
x1[0][2][6] : 1.0
x1[0][3][2] : 1.0
x1[1][0][6] : 1.0
x1[1][1][12] : 1.0
x1[1][2][2] : 1.0
x1[2][0][2] : 1.0
x1[2][1][6] : 1.0
x1[2][2][2] : 1.0
x1[2][3][6] : 1.0
y1[0][1][8] : 1.0
y1[0][2][1] : 1.0
y1[0][6][10] : 1.0
y1[0][10][2] : 1.0
y1[0][11][6] : 1.0
y1[1][1][3] : 1.0
y1[1][2][1] : 1.0
y1[1][3][13] : 1.0
y1[1][6][10] : 1.0
y1[1][10][2] : 1.0
y1[1][11][6] : 1.0
y1[1][12][11] : 1.0
y1[2][1][3] : 1.0
y1[2][2][1] : 1.0
y1[2][3][6] : 1.0
y1[2][5][11] : 1.0
y1[2][6][10] : 1.0
y1[2][10][2] : 1.0
y1[2][11][9] : 1.0
phi[0][0][6][10] : 1.0
phi[0][0][10][2] : 1.0
phi[1][0][11][6] : 1.0
phi[1][0][12][11] : 1.0
phi[1][1][6][10] : 1.0
phi[1][1][10][2] : 1.0
phi[2][0][1][3] : 1.0
phi[2][0][2][1] : 1.0
phi[2][0][3][6] : 1.0
phi[2][1][6][10] : 1.0
phi[2][1][10][2] : 1.0
phi[2][2][1][3] : 1.0
phi[2][2][2][1] : 1.0
phi[2][2][3][6] : 1.0

