number of function:5
1: 0.0
2: 0.0
3: 0.0
4: 0.0
5: 0.0
number of Demand:40
1: 23: 11: 100.0: 13.0: 4 : 3    2    5    4    
2: 25: 3: 50.0: 13.0: 5 : 3    2    1    5    4    
3: 7: 14: 50.0: 13.0: 2 : 1    2    
4: 7: 15: 50.0: 13.0: 4 : 1    4    2    5    
5: 23: 1: 100.0: 13.0: 4 : 4    2    3    5    
6: 27: 9: 50.0: 13.0: 4 : 4    2    3    1    
7: 27: 12: 50.0: 13.0: 4 : 5    2    4    1    
8: 22: 9: 50.0: 13.0: 5 : 1    4    5    2    3    
9: 26: 19: 100.0: 13.0: 2 : 1    5    
10: 5: 27: 50.0: 13.0: 2 : 1    4    
11: 9: 5: 100.0: 13.0: 3 : 1    3    4    
12: 8: 16: 50.0: 13.0: 5 : 2    1    4    5    3    
13: 18: 7: 100.0: 13.0: 5 : 4    1    2    3    5    
14: 27: 14: 50.0: 13.0: 5 : 5    2    3    1    4    
15: 26: 6: 100.0: 13.0: 5 : 4    2    3    1    5    
16: 3: 14: 100.0: 13.0: 5 : 4    5    3    2    1    
17: 20: 24: 100.0: 13.0: 5 : 2    3    5    1    4    
18: 2: 1: 50.0: 13.0: 5 : 1    2    4    3    5    
19: 27: 19: 50.0: 13.0: 4 : 4    1    3    5    
20: 4: 13: 50.0: 13.0: 5 : 4    5    3    1    2    
21: 17: 1: 100.0: 13.0: 5 : 4    2    3    5    1    
22: 15: 1: 100.0: 13.0: 4 : 2    4    3    1    
23: 24: 13: 100.0: 13.0: 3 : 5    3    2    
24: 11: 26: 100.0: 13.0: 5 : 1    2    4    3    5    
25: 10: 14: 50.0: 13.0: 3 : 3    4    1    
26: 22: 11: 100.0: 13.0: 5 : 3    2    4    5    1    
27: 2: 16: 50.0: 13.0: 5 : 1    4    3    5    2    
28: 6: 14: 100.0: 13.0: 4 : 2    3    1    4    
29: 27: 11: 100.0: 13.0: 5 : 4    5    1    3    2    
30: 25: 17: 100.0: 13.0: 2 : 2    3    
31: 23: 24: 50.0: 13.0: 4 : 2    5    4    1    
32: 17: 13: 50.0: 13.0: 5 : 3    5    4    1    2    
33: 25: 1: 100.0: 13.0: 3 : 1    4    3    
34: 3: 10: 100.0: 13.0: 3 : 3    2    4    
35: 13: 14: 100.0: 13.0: 2 : 4    5    
36: 24: 10: 50.0: 13.0: 2 : 3    5    
37: 13: 29: 50.0: 13.0: 3 : 4    2    3    
38: 2: 21: 50.0: 13.0: 3 : 1    2    3    
39: 13: 21: 50.0: 13.0: 4 : 2    1    4    3    
40: 12: 14: 100.0: 13.0: 5 : 3    1    5    2    4    
virtual node:30
0.0 0.0 0.0 0.0 0.0 0.0 0.0 1600.0 0.0 0.0 0.0 0.0 0.0 0.0 1600.0 0.0 0.0 0.0 5000.0 0.0 0.0 0.0 0.0 0.0 0.0 0.0 0.0 0.0 2000.0 0.0 
0.0 0.0 0.0 0.0 0.0 0.0 0.0 0.0 0.0 0.0 0.0 0.0 0.0 0.0 0.0 1600.0 0.0 0.0 0.0 0.0 0.0 0.0 0.0 0.0 0.0 0.0 0.0 2000.0 0.0 0.0 
0.0 0.0 0.0 0.0 0.0 0.0 0.0 0.0 0.0 0.0 0.0 3000.0 0.0 0.0 0.0 0.0 0.0 0.0 1200.0 0.0 0.0 0.0 0.0 0.0 0.0 0.0 0.0 0.0 0.0 0.0 
0.0 0.0 0.0 0.0 0.0 0.0 0.0 0.0 0.0 0.0 0.0 3000.0 0.0 0.0 0.0 0.0 0.0 3000.0 0.0 0.0 0.0 0.0 0.0 0.0 0.0 5000.0 0.0 0.0 0.0 0.0 
0.0 1200.0 0.0 0.0 0.0 0.0 0.0 0.0 0.0 0.0 0.0 0.0 0.0 0.0 0.0 0.0 0.0 0.0 0.0 0.0 0.0 0.0 0.0 0.0 0.0 0.0 0.0 0.0 0.0 0.0 
0.0 0.0 0.0 0.0 0.0 0.0 0.0 0.0 0.0 3000.0 0.0 0.0 0.0 0.0 0.0 0.0 0.0 0.0 0.0 0.0 0.0 0.0 0.0 0.0 0.0 0.0 0.0 0.0 0.0 0.0 
0.0 0.0 0.0 0.0 0.0 3000.0 0.0 0.0 0.0 1200.0 5000.0 0.0 3000.0 0.0 0.0 0.0 0.0 0.0 0.0 2000.0 0.0 0.0 0.0 0.0 0.0 0.0 0.0 0.0 0.0 0.0 
0.0 5000.0 0.0 0.0 0.0 0.0 0.0 0.0 0.0 0.0 0.0 0.0 0.0 0.0 0.0 0.0 0.0 0.0 0.0 0.0 3000.0 0.0 0.0 0.0 0.0 0.0 0.0 0.0 0.0 0.0 
0.0 0.0 0.0 0.0 0.0 0.0 0.0 0.0 0.0 0.0 0.0 0.0 0.0 1600.0 1600.0 1200.0 2000.0 0.0 0.0 0.0 0.0 0.0 0.0 0.0 0.0 0.0 0.0 2000.0 0.0 0.0 
0.0 0.0 0.0 0.0 0.0 0.0 0.0 0.0 0.0 0.0 0.0 3000.0 0.0 1200.0 0.0 0.0 0.0 0.0 0.0 0.0 0.0 0.0 0.0 0.0 0.0 0.0 0.0 0.0 0.0 0.0 
0.0 0.0 0.0 0.0 0.0 0.0 0.0 0.0 0.0 0.0 0.0 0.0 1600.0 0.0 5000.0 0.0 0.0 0.0 0.0 0.0 0.0 0.0 0.0 0.0 0.0 0.0 1600.0 0.0 0.0 1600.0 
0.0 3000.0 0.0 0.0 5000.0 0.0 0.0 0.0 0.0 0.0 2000.0 0.0 0.0 0.0 0.0 0.0 5000.0 0.0 0.0 1200.0 0.0 0.0 0.0 0.0 0.0 0.0 0.0 0.0 3000.0 0.0 
0.0 0.0 5000.0 0.0 3000.0 0.0 0.0 0.0 0.0 0.0 0.0 0.0 0.0 0.0 0.0 0.0 0.0 0.0 0.0 0.0 0.0 0.0 0.0 0.0 0.0 0.0 0.0 0.0 1600.0 0.0 
0.0 0.0 0.0 0.0 0.0 0.0 0.0 0.0 0.0 0.0 0.0 0.0 0.0 0.0 0.0 0.0 0.0 0.0 0.0 0.0 0.0 0.0 0.0 0.0 0.0 0.0 0.0 0.0 0.0 0.0 
0.0 0.0 0.0 0.0 0.0 3000.0 0.0 0.0 0.0 0.0 1600.0 0.0 0.0 0.0 0.0 5000.0 0.0 0.0 1600.0 0.0 0.0 0.0 0.0 0.0 0.0 0.0 0.0 0.0 0.0 0.0 
0.0 1200.0 0.0 0.0 0.0 0.0 0.0 0.0 0.0 0.0 0.0 0.0 0.0 0.0 0.0 0.0 0.0 0.0 0.0 0.0 5000.0 0.0 1600.0 0.0 0.0 0.0 0.0 0.0 0.0 2000.0 
0.0 0.0 0.0 0.0 0.0 0.0 0.0 0.0 5000.0 0.0 0.0 0.0 0.0 0.0 0.0 0.0 0.0 0.0 0.0 3000.0 0.0 0.0 0.0 5000.0 0.0 0.0 0.0 0.0 0.0 0.0 
0.0 0.0 0.0 0.0 3000.0 0.0 0.0 0.0 0.0 0.0 0.0 0.0 0.0 0.0 0.0 0.0 0.0 0.0 0.0 0.0 0.0 0.0 0.0 0.0 1200.0 0.0 0.0 0.0 0.0 0.0 
0.0 0.0 0.0 0.0 0.0 0.0 2000.0 0.0 0.0 0.0 0.0 0.0 0.0 0.0 0.0 0.0 1600.0 0.0 0.0 0.0 1600.0 0.0 0.0 0.0 0.0 0.0 0.0 0.0 0.0 0.0 
0.0 0.0 0.0 0.0 0.0 0.0 0.0 0.0 0.0 0.0 0.0 0.0 0.0 0.0 0.0 0.0 0.0 0.0 0.0 0.0 1200.0 0.0 5000.0 5000.0 0.0 0.0 0.0 0.0 0.0 0.0 
0.0 0.0 0.0 0.0 0.0 0.0 0.0 0.0 0.0 0.0 0.0 0.0 5000.0 0.0 0.0 0.0 0.0 0.0 0.0 0.0 0.0 0.0 0.0 0.0 0.0 0.0 3000.0 0.0 0.0 0.0 
0.0 0.0 0.0 0.0 0.0 0.0 0.0 0.0 0.0 0.0 0.0 0.0 0.0 0.0 0.0 2000.0 0.0 0.0 0.0 0.0 2000.0 0.0 0.0 0.0 0.0 0.0 0.0 5000.0 0.0 0.0 
0.0 0.0 0.0 0.0 2000.0 0.0 0.0 0.0 0.0 0.0 0.0 0.0 0.0 0.0 0.0 0.0 0.0 0.0 3000.0 1200.0 0.0 0.0 0.0 0.0 0.0 1600.0 0.0 0.0 2000.0 0.0 
0.0 0.0 0.0 0.0 0.0 0.0 0.0 1600.0 0.0 0.0 0.0 0.0 0.0 0.0 0.0 0.0 0.0 0.0 0.0 0.0 5000.0 0.0 0.0 0.0 0.0 0.0 0.0 5000.0 1200.0 0.0 
0.0 0.0 0.0 0.0 5000.0 0.0 0.0 0.0 0.0 0.0 0.0 0.0 0.0 0.0 0.0 2000.0 0.0 0.0 0.0 0.0 0.0 0.0 0.0 0.0 0.0 0.0 0.0 0.0 0.0 0.0 
1600.0 0.0 0.0 0.0 0.0 0.0 0.0 0.0 1600.0 0.0 0.0 0.0 0.0 0.0 0.0 0.0 0.0 0.0 0.0 0.0 0.0 0.0 0.0 0.0 0.0 0.0 1200.0 0.0 0.0 0.0 
0.0 0.0 0.0 0.0 0.0 0.0 0.0 3000.0 0.0 0.0 0.0 0.0 0.0 0.0 0.0 0.0 0.0 0.0 0.0 0.0 0.0 0.0 0.0 0.0 0.0 0.0 0.0 0.0 0.0 0.0 
0.0 0.0 0.0 0.0 0.0 5000.0 0.0 0.0 0.0 3000.0 0.0 0.0 0.0 0.0 0.0 0.0 0.0 0.0 0.0 0.0 0.0 0.0 0.0 0.0 0.0 0.0 0.0 0.0 0.0 0.0 
0.0 0.0 0.0 0.0 0.0 0.0 0.0 5000.0 0.0 1200.0 2000.0 0.0 0.0 0.0 0.0 0.0 0.0 0.0 0.0 0.0 0.0 0.0 0.0 0.0 0.0 5000.0 0.0 0.0 0.0 0.0 
0.0 0.0 0.0 0.0 0.0 0.0 1200.0 0.0 0.0 0.0 0.0 0.0 0.0 0.0 0.0 0.0 0.0 0.0 0.0 0.0 0.0 1200.0 0.0 0.0 0.0 0.0 0.0 0.0 1200.0 0.0 
Solution for the problem:
