number of function:5
1: 0.0
2: 0.0
3: 0.0
4: 0.0
5: 0.0
number of Demand:10
1: 1: 8: 50.0: 13.0: 5 : 2    4    3    1    5    
2: 11: 8: 50.0: 13.0: 4 : 1    4    5    3    
3: 1: 7: 100.0: 13.0: 5 : 5    2    1    3    4    
4: 12: 4: 50.0: 13.0: 5 : 3    2    5    4    1    
5: 9: 2: 50.0: 13.0: 2 : 1    3    
6: 14: 9: 50.0: 13.0: 5 : 5    1    2    3    4    
7: 3: 2: 100.0: 13.0: 2 : 4    5    
8: 15: 3: 100.0: 13.0: 2 : 4    1    
9: 6: 11: 100.0: 13.0: 3 : 5    1    3    
10: 7: 10: 50.0: 13.0: 2 : 5    3    
virtual node:15
0.0 0.0 0.0 0.0 0.0 3000.0 0.0 1600.0 0.0 0.0 0.0 5000.0 1600.0 0.0 1200.0 
0.0 0.0 0.0 1200.0 0.0 1200.0 0.0 1600.0 1600.0 0.0 0.0 0.0 0.0 0.0 0.0 
0.0 1200.0 0.0 5000.0 0.0 0.0 0.0 0.0 0.0 0.0 0.0 0.0 5000.0 0.0 0.0 
0.0 0.0 0.0 0.0 0.0 0.0 2000.0 3000.0 0.0 5000.0 0.0 0.0 1200.0 2000.0 2000.0 
0.0 0.0 3000.0 0.0 0.0 0.0 0.0 0.0 0.0 2000.0 3000.0 0.0 0.0 0.0 0.0 
0.0 0.0 0.0 0.0 0.0 0.0 0.0 0.0 0.0 0.0 0.0 1200.0 2000.0 0.0 2000.0 
0.0 0.0 0.0 0.0 0.0 5000.0 0.0 0.0 0.0 0.0 3000.0 0.0 0.0 0.0 2000.0 
0.0 0.0 2000.0 1600.0 0.0 0.0 0.0 0.0 0.0 0.0 0.0 0.0 0.0 0.0 0.0 
0.0 0.0 0.0 0.0 0.0 0.0 0.0 0.0 0.0 0.0 0.0 0.0 0.0 0.0 2000.0 
2000.0 0.0 3000.0 0.0 0.0 0.0 0.0 1600.0 5000.0 0.0 0.0 1600.0 0.0 0.0 1600.0 
0.0 1200.0 1200.0 3000.0 0.0 0.0 0.0 0.0 0.0 0.0 0.0 0.0 0.0 3000.0 0.0 
0.0 0.0 1200.0 0.0 0.0 0.0 1200.0 0.0 0.0 3000.0 1600.0 0.0 0.0 5000.0 0.0 
0.0 3000.0 0.0 0.0 0.0 3000.0 0.0 0.0 0.0 0.0 0.0 1200.0 0.0 0.0 0.0 
0.0 3000.0 0.0 0.0 0.0 1600.0 1600.0 0.0 1600.0 5000.0 0.0 0.0 0.0 0.0 3000.0 
2000.0 2000.0 5000.0 0.0 0.0 0.0 0.0 0.0 0.0 0.0 0.0 1600.0 0.0 0.0 0.0 
Solution for the problem:
