number of function:5
1: 0.0
2: 0.0
3: 0.0
4: 0.0
5: 0.0
number of Demand:20
1: 5: 14: 50.0: 13.0: 5 : 5    1    3    4    2    
2: 3: 4: 100.0: 13.0: 4 : 1    5    4    2    
3: 10: 2: 100.0: 13.0: 3 : 1    2    4    
4: 7: 9: 100.0: 13.0: 3 : 4    3    2    
5: 4: 10: 50.0: 13.0: 4 : 5    1    4    3    
6: 2: 14: 100.0: 13.0: 2 : 1    2    
7: 9: 7: 50.0: 13.0: 5 : 2    5    1    3    4    
8: 7: 4: 100.0: 13.0: 4 : 2    4    5    3    
9: 1: 13: 50.0: 13.0: 5 : 4    3    2    1    5    
10: 2: 6: 100.0: 13.0: 5 : 2    5    3    4    1    
11: 14: 2: 50.0: 13.0: 4 : 5    1    4    2    
12: 4: 1: 50.0: 13.0: 3 : 5    4    2    
13: 5: 1: 50.0: 13.0: 5 : 3    5    4    2    1    
14: 12: 3: 100.0: 13.0: 5 : 1    4    2    3    5    
15: 9: 2: 100.0: 13.0: 4 : 3    5    2    1    
16: 4: 15: 100.0: 13.0: 2 : 3    1    
17: 7: 6: 50.0: 13.0: 4 : 5    1    3    2    
18: 7: 14: 100.0: 13.0: 5 : 2    3    4    5    1    
19: 6: 3: 50.0: 13.0: 2 : 2    3    
20: 9: 6: 50.0: 13.0: 5 : 1    3    4    5    2    
virtual node:15
0.0 0.0 0.0 0.0 0.0 3000.0 0.0 1600.0 0.0 0.0 0.0 5000.0 1600.0 0.0 1200.0 
0.0 0.0 0.0 1200.0 0.0 1200.0 0.0 1600.0 1600.0 0.0 0.0 0.0 0.0 0.0 0.0 
0.0 1200.0 0.0 5000.0 0.0 0.0 0.0 0.0 0.0 0.0 0.0 0.0 5000.0 0.0 0.0 
0.0 0.0 0.0 0.0 0.0 0.0 2000.0 3000.0 0.0 5000.0 0.0 0.0 1200.0 2000.0 2000.0 
0.0 0.0 3000.0 0.0 0.0 0.0 0.0 0.0 0.0 2000.0 3000.0 0.0 0.0 0.0 0.0 
0.0 0.0 0.0 0.0 0.0 0.0 0.0 0.0 0.0 0.0 0.0 1200.0 2000.0 0.0 2000.0 
0.0 0.0 0.0 0.0 0.0 5000.0 0.0 0.0 0.0 0.0 3000.0 0.0 0.0 0.0 2000.0 
0.0 0.0 2000.0 1600.0 0.0 0.0 0.0 0.0 0.0 0.0 0.0 0.0 0.0 0.0 0.0 
0.0 0.0 0.0 0.0 0.0 0.0 0.0 0.0 0.0 0.0 0.0 0.0 0.0 0.0 2000.0 
2000.0 0.0 3000.0 0.0 0.0 0.0 0.0 1600.0 5000.0 0.0 0.0 1600.0 0.0 0.0 1600.0 
0.0 1200.0 1200.0 3000.0 0.0 0.0 0.0 0.0 0.0 0.0 0.0 0.0 0.0 3000.0 0.0 
0.0 0.0 1200.0 0.0 0.0 0.0 1200.0 0.0 0.0 3000.0 1600.0 0.0 0.0 5000.0 0.0 
0.0 3000.0 0.0 0.0 0.0 3000.0 0.0 0.0 0.0 0.0 0.0 1200.0 0.0 0.0 0.0 
0.0 3000.0 0.0 0.0 0.0 1600.0 1600.0 0.0 1600.0 5000.0 0.0 0.0 0.0 0.0 3000.0 
2000.0 2000.0 5000.0 0.0 0.0 0.0 0.0 0.0 0.0 0.0 0.0 1600.0 0.0 0.0 0.0 
Solution for the problem:
