cover1.txt 5 100 50 100 0.0 0
cover1.txt 5 100 50 100 0.0 0
cover1.txt 5 100 50 100 0.0 0
cover1.txt 5 100 50 100 0.0 0
cover1.txt 5 100 50 100 0.0 0
cover1.txt 5 100 50 100 0.0 0
cover1.txt 5 100 50 100 0.0 0
cover1.txt 5 100 50 100 0.0 0
cover1.txt 5 100 50 100 0.0 0
cover1.txt 5 100 50 100 0.0 0
cover1.txt 5 100 50 100 63.600000000000065 0
cover1.txt 5 100 50 100 63.600000000000065 0
cover5.txt 5 12 15 58 27.026000000000028 0
cover1.txt 5 12 50 100 500.0 0
cover1.txt 5 12 50 100 0.0 0
cover6.txt 5 15 15 58 37.43440000000005 0
cover6.txt 5 15 15 58 39.24880000000006 0
cover6.txt 5 15 15 58 39.24880000000006 0
cover6.txt 5 15 15 58 34.63193893696932 0
cover6.txt 5 15 15 58 0.0 0
cover6.txt 5 15 15 58 0.0 0
cover6.txt 5 15 15 58 0.0 0
cover1.txt 5 12 50 100 24.494615033187095 0
cover1.txt 5 12 50 100 24.494615033187095 0
cover1.txt 5 12 50 100 0.0 0
cover1.txt 5 12 50 100 0.0 0
