number of function:5
1: 0.0
2: 0.0
3: 0.0
4: 0.0
5: 0.0
number of Demand:10
1: 9: 31: 100.0: 13.0: 5 : 1    4    2    5    3    
2: 27: 39: 100.0: 13.0: 5 : 2    5    1    3    4    
3: 31: 24: 50.0: 13.0: 4 : 3    4    1    2    
4: 47: 43: 50.0: 13.0: 5 : 3    1    4    2    5    
5: 14: 19: 100.0: 13.0: 2 : 2    3    
6: 5: 1: 100.0: 13.0: 2 : 2    5    
7: 48: 10: 50.0: 13.0: 4 : 3    1    5    2    
8: 27: 5: 100.0: 13.0: 5 : 2    1    4    3    5    
9: 20: 27: 100.0: 13.0: 5 : 3    1    4    5    2    
10: 43: 36: 50.0: 13.0: 4 : 5    2    3    4    
virtual node:50
0.0 0.0 0.0 0.0 0.0 0.0 0.0 500.0 0.0 0.0 0.0 0.0 0.0 0.0 1200.0 0.0 0.0 0.0 0.0 0.0 0.0 0.0 0.0 0.0 0.0 0.0 0.0 0.0 500.0 0.0 0.0 0.0 0.0 0.0 0.0 0.0 0.0 0.0 0.0 0.0 0.0 0.0 0.0 1200.0 0.0 0.0 0.0 0.0 0.0 0.0 
0.0 0.0 0.0 0.0 0.0 0.0 0.0 600.0 0.0 0.0 0.0 0.0 0.0 0.0 0.0 0.0 0.0 0.0 0.0 0.0 0.0 0.0 0.0 0.0 0.0 500.0 0.0 0.0 0.0 0.0 0.0 0.0 0.0 0.0 0.0 0.0 0.0 0.0 0.0 0.0 0.0 0.0 0.0 0.0 0.0 0.0 0.0 0.0 0.0 0.0 
0.0 0.0 0.0 600.0 0.0 0.0 0.0 0.0 0.0 0.0 0.0 500.0 0.0 0.0 0.0 0.0 0.0 0.0 0.0 0.0 0.0 0.0 0.0 0.0 0.0 0.0 0.0 0.0 0.0 0.0 0.0 0.0 0.0 0.0 0.0 0.0 0.0 0.0 0.0 0.0 0.0 0.0 0.0 0.0 0.0 0.0 0.0 0.0 0.0 0.0 
0.0 0.0 0.0 0.0 0.0 0.0 0.0 0.0 0.0 0.0 0.0 0.0 0.0 0.0 0.0 0.0 0.0 0.0 0.0 0.0 0.0 0.0 0.0 0.0 0.0 0.0 0.0 0.0 0.0 0.0 0.0 0.0 0.0 0.0 0.0 0.0 0.0 0.0 0.0 0.0 0.0 0.0 0.0 0.0 0.0 0.0 0.0 0.0 0.0 0.0 
0.0 0.0 0.0 0.0 0.0 0.0 0.0 0.0 0.0 0.0 0.0 0.0 0.0 0.0 0.0 0.0 0.0 0.0 0.0 0.0 0.0 0.0 0.0 0.0 0.0 0.0 600.0 0.0 0.0 0.0 0.0 0.0 0.0 0.0 0.0 0.0 0.0 600.0 0.0 0.0 0.0 1200.0 0.0 1200.0 0.0 0.0 0.0 0.0 0.0 0.0 
0.0 0.0 0.0 0.0 0.0 0.0 0.0 0.0 0.0 0.0 0.0 0.0 0.0 0.0 0.0 0.0 0.0 600.0 0.0 0.0 0.0 0.0 0.0 0.0 0.0 0.0 0.0 0.0 0.0 0.0 0.0 1200.0 0.0 0.0 600.0 0.0 0.0 0.0 0.0 500.0 0.0 0.0 500.0 0.0 0.0 0.0 0.0 0.0 0.0 0.0 
0.0 0.0 0.0 0.0 0.0 0.0 0.0 0.0 0.0 0.0 0.0 0.0 0.0 0.0 0.0 0.0 0.0 0.0 0.0 0.0 0.0 0.0 0.0 0.0 0.0 0.0 0.0 0.0 0.0 0.0 0.0 0.0 0.0 0.0 0.0 0.0 0.0 0.0 0.0 0.0 0.0 0.0 0.0 0.0 0.0 0.0 0.0 0.0 0.0 0.0 
0.0 0.0 0.0 0.0 0.0 0.0 0.0 0.0 0.0 0.0 0.0 0.0 0.0 0.0 0.0 0.0 0.0 0.0 0.0 0.0 0.0 0.0 0.0 0.0 0.0 0.0 0.0 0.0 0.0 0.0 0.0 0.0 0.0 0.0 0.0 0.0 600.0 0.0 0.0 0.0 0.0 0.0 0.0 0.0 0.0 0.0 0.0 0.0 0.0 0.0 
0.0 0.0 0.0 0.0 0.0 0.0 0.0 0.0 0.0 0.0 0.0 0.0 0.0 0.0 0.0 500.0 0.0 0.0 0.0 0.0 0.0 0.0 0.0 0.0 0.0 0.0 0.0 500.0 600.0 0.0 0.0 0.0 0.0 0.0 0.0 0.0 0.0 0.0 0.0 0.0 600.0 0.0 0.0 0.0 0.0 0.0 0.0 0.0 0.0 0.0 
0.0 0.0 0.0 0.0 0.0 0.0 0.0 0.0 0.0 0.0 0.0 0.0 0.0 0.0 0.0 0.0 0.0 0.0 0.0 0.0 0.0 0.0 1200.0 600.0 0.0 0.0 0.0 0.0 0.0 0.0 1200.0 0.0 0.0 0.0 0.0 0.0 0.0 0.0 0.0 0.0 0.0 0.0 0.0 0.0 0.0 0.0 0.0 0.0 0.0 0.0 
0.0 0.0 0.0 0.0 0.0 0.0 0.0 0.0 0.0 0.0 0.0 0.0 0.0 0.0 0.0 0.0 0.0 0.0 0.0 0.0 0.0 0.0 0.0 0.0 0.0 0.0 0.0 0.0 0.0 0.0 0.0 0.0 0.0 0.0 0.0 0.0 0.0 0.0 0.0 0.0 0.0 0.0 0.0 0.0 0.0 0.0 0.0 0.0 0.0 0.0 
0.0 0.0 0.0 0.0 0.0 0.0 0.0 0.0 0.0 0.0 0.0 0.0 0.0 0.0 0.0 0.0 0.0 0.0 0.0 0.0 0.0 0.0 0.0 0.0 0.0 0.0 0.0 0.0 0.0 0.0 0.0 0.0 0.0 0.0 0.0 0.0 0.0 0.0 0.0 0.0 1200.0 0.0 500.0 0.0 0.0 0.0 0.0 0.0 0.0 0.0 
0.0 0.0 0.0 0.0 1200.0 0.0 0.0 0.0 0.0 0.0 0.0 0.0 0.0 0.0 0.0 0.0 0.0 500.0 0.0 0.0 0.0 0.0 1200.0 0.0 0.0 0.0 0.0 0.0 0.0 0.0 0.0 0.0 0.0 0.0 0.0 0.0 0.0 0.0 1200.0 0.0 0.0 0.0 0.0 0.0 0.0 0.0 0.0 0.0 0.0 0.0 
0.0 0.0 0.0 0.0 0.0 0.0 0.0 0.0 0.0 0.0 0.0 0.0 0.0 0.0 0.0 0.0 0.0 0.0 0.0 0.0 0.0 0.0 0.0 0.0 0.0 0.0 0.0 0.0 0.0 0.0 0.0 0.0 0.0 0.0 0.0 0.0 0.0 500.0 0.0 0.0 0.0 0.0 0.0 0.0 0.0 0.0 0.0 0.0 500.0 500.0 
0.0 0.0 0.0 0.0 0.0 1200.0 0.0 0.0 0.0 0.0 0.0 0.0 0.0 0.0 0.0 500.0 0.0 0.0 0.0 0.0 0.0 0.0 0.0 0.0 0.0 0.0 0.0 0.0 0.0 0.0 0.0 0.0 0.0 0.0 0.0 0.0 0.0 0.0 0.0 0.0 0.0 0.0 0.0 600.0 0.0 0.0 0.0 0.0 0.0 0.0 
0.0 0.0 0.0 0.0 0.0 0.0 0.0 0.0 0.0 0.0 0.0 0.0 0.0 0.0 0.0 0.0 0.0 0.0 0.0 0.0 0.0 0.0 0.0 0.0 0.0 0.0 0.0 0.0 0.0 0.0 0.0 0.0 0.0 0.0 0.0 0.0 0.0 0.0 0.0 0.0 0.0 0.0 0.0 0.0 0.0 0.0 0.0 0.0 0.0 0.0 
0.0 0.0 0.0 0.0 0.0 500.0 0.0 0.0 0.0 0.0 0.0 0.0 0.0 0.0 0.0 0.0 0.0 0.0 0.0 0.0 0.0 0.0 0.0 0.0 0.0 0.0 0.0 500.0 0.0 0.0 500.0 0.0 0.0 0.0 0.0 0.0 0.0 0.0 0.0 0.0 0.0 0.0 0.0 0.0 0.0 0.0 0.0 0.0 0.0 0.0 
0.0 0.0 0.0 0.0 1200.0 0.0 1200.0 0.0 1200.0 0.0 0.0 0.0 0.0 0.0 500.0 0.0 0.0 0.0 0.0 0.0 0.0 0.0 0.0 0.0 0.0 0.0 0.0 0.0 0.0 0.0 0.0 0.0 0.0 0.0 0.0 0.0 0.0 0.0 0.0 0.0 0.0 0.0 0.0 0.0 0.0 0.0 0.0 0.0 0.0 0.0 
0.0 0.0 0.0 0.0 0.0 0.0 0.0 0.0 0.0 0.0 0.0 0.0 0.0 0.0 0.0 0.0 0.0 0.0 0.0 0.0 0.0 0.0 0.0 0.0 0.0 0.0 0.0 0.0 0.0 0.0 0.0 0.0 0.0 0.0 0.0 0.0 0.0 0.0 0.0 0.0 0.0 0.0 0.0 0.0 0.0 0.0 0.0 0.0 0.0 0.0 
0.0 0.0 0.0 0.0 0.0 0.0 0.0 0.0 0.0 0.0 0.0 0.0 0.0 0.0 0.0 0.0 0.0 0.0 0.0 0.0 0.0 0.0 0.0 0.0 0.0 0.0 0.0 0.0 0.0 0.0 0.0 0.0 0.0 600.0 0.0 0.0 0.0 1200.0 0.0 0.0 0.0 0.0 0.0 0.0 0.0 0.0 0.0 0.0 0.0 0.0 
0.0 0.0 0.0 0.0 0.0 0.0 0.0 0.0 0.0 0.0 0.0 0.0 0.0 0.0 0.0 0.0 0.0 0.0 0.0 0.0 0.0 0.0 0.0 0.0 0.0 600.0 0.0 0.0 0.0 0.0 0.0 0.0 0.0 0.0 0.0 0.0 0.0 0.0 0.0 0.0 0.0 0.0 0.0 0.0 0.0 600.0 0.0 0.0 0.0 0.0 
0.0 0.0 0.0 0.0 0.0 0.0 0.0 1200.0 0.0 0.0 0.0 0.0 0.0 0.0 0.0 0.0 0.0 0.0 0.0 0.0 0.0 0.0 0.0 0.0 0.0 0.0 0.0 0.0 0.0 0.0 0.0 0.0 0.0 0.0 0.0 1200.0 0.0 0.0 0.0 0.0 600.0 0.0 0.0 0.0 0.0 0.0 0.0 0.0 0.0 500.0 
0.0 0.0 0.0 0.0 0.0 0.0 0.0 0.0 0.0 0.0 0.0 0.0 0.0 0.0 0.0 0.0 0.0 0.0 0.0 0.0 0.0 0.0 0.0 0.0 0.0 0.0 0.0 0.0 0.0 0.0 0.0 0.0 0.0 0.0 0.0 0.0 0.0 0.0 0.0 0.0 0.0 0.0 0.0 0.0 0.0 0.0 0.0 0.0 0.0 0.0 
0.0 0.0 0.0 0.0 0.0 0.0 0.0 0.0 0.0 0.0 0.0 0.0 1200.0 0.0 0.0 0.0 1200.0 0.0 0.0 0.0 0.0 0.0 0.0 0.0 0.0 0.0 0.0 0.0 0.0 0.0 0.0 0.0 0.0 0.0 0.0 0.0 0.0 600.0 600.0 0.0 0.0 0.0 0.0 0.0 0.0 0.0 0.0 0.0 0.0 0.0 
0.0 0.0 0.0 0.0 0.0 0.0 0.0 600.0 0.0 0.0 0.0 0.0 0.0 0.0 0.0 0.0 0.0 0.0 0.0 0.0 0.0 0.0 0.0 0.0 0.0 0.0 0.0 0.0 0.0 0.0 0.0 0.0 0.0 0.0 0.0 0.0 0.0 0.0 0.0 0.0 0.0 0.0 0.0 0.0 0.0 0.0 0.0 0.0 0.0 0.0 
600.0 0.0 0.0 0.0 0.0 0.0 0.0 0.0 0.0 0.0 0.0 0.0 0.0 0.0 0.0 0.0 600.0 0.0 0.0 0.0 1200.0 500.0 0.0 0.0 0.0 0.0 0.0 0.0 0.0 0.0 0.0 0.0 0.0 0.0 0.0 0.0 0.0 0.0 0.0 0.0 0.0 0.0 0.0 600.0 0.0 0.0 0.0 0.0 0.0 0.0 
0.0 0.0 0.0 0.0 0.0 0.0 0.0 0.0 0.0 0.0 0.0 0.0 0.0 0.0 0.0 1200.0 0.0 0.0 0.0 0.0 0.0 0.0 0.0 0.0 0.0 1200.0 0.0 0.0 0.0 500.0 0.0 0.0 0.0 0.0 0.0 0.0 0.0 0.0 0.0 0.0 0.0 0.0 0.0 0.0 0.0 0.0 0.0 0.0 0.0 0.0 
0.0 0.0 0.0 0.0 0.0 0.0 0.0 0.0 0.0 0.0 0.0 0.0 0.0 0.0 600.0 0.0 0.0 0.0 0.0 0.0 0.0 0.0 0.0 0.0 0.0 0.0 0.0 0.0 0.0 0.0 0.0 0.0 0.0 0.0 0.0 0.0 0.0 0.0 0.0 0.0 0.0 0.0 0.0 0.0 0.0 0.0 0.0 0.0 0.0 0.0 
0.0 0.0 1200.0 0.0 0.0 0.0 0.0 0.0 0.0 0.0 0.0 0.0 0.0 0.0 0.0 0.0 0.0 0.0 0.0 0.0 0.0 0.0 0.0 0.0 0.0 0.0 0.0 0.0 0.0 0.0 0.0 0.0 0.0 0.0 0.0 0.0 0.0 0.0 0.0 0.0 0.0 0.0 0.0 0.0 0.0 0.0 0.0 0.0 0.0 0.0 
0.0 0.0 0.0 0.0 0.0 0.0 0.0 0.0 0.0 0.0 0.0 0.0 0.0 0.0 0.0 0.0 0.0 0.0 0.0 0.0 0.0 0.0 0.0 0.0 0.0 0.0 0.0 0.0 0.0 0.0 0.0 0.0 0.0 0.0 0.0 0.0 0.0 0.0 0.0 1200.0 0.0 500.0 0.0 0.0 0.0 0.0 0.0 0.0 500.0 600.0 
0.0 0.0 0.0 0.0 0.0 0.0 0.0 0.0 0.0 0.0 0.0 0.0 0.0 0.0 0.0 0.0 0.0 0.0 0.0 0.0 0.0 0.0 0.0 0.0 0.0 0.0 0.0 0.0 0.0 0.0 0.0 0.0 0.0 0.0 1200.0 0.0 0.0 0.0 0.0 0.0 0.0 0.0 0.0 0.0 0.0 0.0 0.0 0.0 0.0 0.0 
0.0 0.0 0.0 0.0 0.0 0.0 0.0 0.0 0.0 0.0 0.0 0.0 0.0 0.0 0.0 0.0 0.0 0.0 0.0 0.0 0.0 0.0 0.0 0.0 0.0 0.0 0.0 0.0 0.0 0.0 0.0 0.0 0.0 0.0 0.0 0.0 0.0 0.0 0.0 0.0 0.0 0.0 0.0 0.0 0.0 0.0 0.0 0.0 0.0 0.0 
500.0 0.0 0.0 0.0 0.0 0.0 0.0 0.0 0.0 0.0 0.0 0.0 0.0 0.0 0.0 0.0 0.0 0.0 0.0 0.0 0.0 0.0 0.0 0.0 0.0 0.0 0.0 0.0 0.0 0.0 0.0 0.0 0.0 0.0 0.0 0.0 0.0 0.0 0.0 0.0 0.0 0.0 0.0 0.0 0.0 0.0 0.0 0.0 0.0 0.0 
0.0 0.0 0.0 0.0 0.0 0.0 0.0 0.0 0.0 0.0 0.0 0.0 0.0 0.0 0.0 0.0 0.0 0.0 0.0 0.0 0.0 0.0 0.0 0.0 0.0 0.0 0.0 0.0 0.0 0.0 0.0 0.0 0.0 0.0 0.0 0.0 0.0 0.0 0.0 0.0 0.0 0.0 0.0 0.0 0.0 0.0 0.0 0.0 0.0 0.0 
0.0 0.0 0.0 0.0 0.0 0.0 0.0 0.0 0.0 0.0 0.0 0.0 0.0 0.0 0.0 0.0 0.0 0.0 0.0 0.0 0.0 0.0 0.0 0.0 0.0 0.0 0.0 0.0 0.0 0.0 0.0 0.0 0.0 0.0 0.0 0.0 0.0 0.0 0.0 0.0 0.0 0.0 500.0 0.0 0.0 0.0 0.0 0.0 0.0 0.0 
1200.0 0.0 0.0 0.0 0.0 0.0 0.0 0.0 600.0 0.0 0.0 0.0 0.0 0.0 0.0 0.0 0.0 0.0 0.0 0.0 0.0 600.0 0.0 0.0 0.0 0.0 0.0 600.0 0.0 0.0 0.0 0.0 0.0 0.0 0.0 0.0 0.0 0.0 0.0 0.0 0.0 0.0 0.0 0.0 0.0 0.0 0.0 0.0 0.0 0.0 
0.0 0.0 0.0 0.0 0.0 0.0 0.0 0.0 0.0 0.0 0.0 0.0 0.0 0.0 0.0 0.0 0.0 0.0 600.0 0.0 0.0 0.0 0.0 0.0 0.0 0.0 600.0 0.0 0.0 0.0 0.0 0.0 0.0 0.0 0.0 0.0 0.0 0.0 0.0 0.0 0.0 0.0 0.0 0.0 0.0 0.0 0.0 0.0 0.0 0.0 
0.0 0.0 0.0 0.0 0.0 0.0 0.0 0.0 500.0 0.0 0.0 0.0 0.0 0.0 0.0 0.0 0.0 600.0 0.0 0.0 0.0 0.0 0.0 0.0 0.0 0.0 500.0 0.0 0.0 0.0 0.0 0.0 0.0 0.0 0.0 0.0 0.0 0.0 0.0 0.0 1200.0 0.0 0.0 0.0 0.0 0.0 0.0 0.0 0.0 0.0 
0.0 0.0 0.0 0.0 0.0 0.0 0.0 0.0 0.0 0.0 0.0 0.0 0.0 0.0 0.0 0.0 0.0 0.0 0.0 0.0 0.0 0.0 0.0 0.0 0.0 0.0 0.0 0.0 0.0 0.0 0.0 0.0 0.0 0.0 0.0 0.0 0.0 0.0 0.0 0.0 0.0 0.0 0.0 0.0 0.0 0.0 0.0 0.0 0.0 0.0 
600.0 0.0 0.0 0.0 0.0 0.0 0.0 0.0 0.0 500.0 0.0 0.0 0.0 0.0 0.0 0.0 0.0 0.0 0.0 0.0 0.0 0.0 0.0 0.0 0.0 0.0 0.0 0.0 0.0 0.0 0.0 0.0 0.0 0.0 0.0 0.0 0.0 0.0 0.0 0.0 0.0 1200.0 0.0 0.0 0.0 0.0 0.0 0.0 0.0 0.0 
0.0 0.0 0.0 0.0 0.0 0.0 0.0 0.0 0.0 0.0 0.0 0.0 0.0 0.0 0.0 0.0 0.0 0.0 0.0 0.0 0.0 0.0 0.0 0.0 0.0 0.0 0.0 0.0 0.0 0.0 0.0 0.0 0.0 0.0 0.0 0.0 0.0 0.0 0.0 500.0 0.0 0.0 0.0 0.0 0.0 500.0 0.0 0.0 0.0 0.0 
0.0 0.0 0.0 0.0 0.0 0.0 0.0 0.0 0.0 0.0 0.0 0.0 0.0 0.0 0.0 0.0 0.0 0.0 0.0 0.0 0.0 0.0 0.0 0.0 0.0 0.0 500.0 0.0 0.0 0.0 0.0 0.0 0.0 0.0 0.0 0.0 0.0 0.0 0.0 0.0 0.0 0.0 0.0 0.0 0.0 0.0 0.0 0.0 0.0 0.0 
0.0 0.0 0.0 0.0 0.0 0.0 0.0 0.0 0.0 0.0 0.0 0.0 0.0 0.0 0.0 0.0 0.0 0.0 0.0 0.0 0.0 0.0 0.0 0.0 0.0 0.0 0.0 0.0 600.0 0.0 0.0 0.0 0.0 0.0 0.0 0.0 0.0 0.0 0.0 0.0 0.0 0.0 0.0 0.0 0.0 0.0 0.0 0.0 0.0 0.0 
0.0 0.0 0.0 0.0 0.0 0.0 0.0 0.0 0.0 0.0 0.0 0.0 0.0 0.0 0.0 0.0 0.0 0.0 0.0 0.0 1200.0 0.0 0.0 0.0 0.0 0.0 0.0 0.0 0.0 0.0 0.0 0.0 0.0 0.0 0.0 1200.0 0.0 0.0 0.0 0.0 0.0 0.0 0.0 0.0 0.0 0.0 0.0 0.0 0.0 0.0 
0.0 0.0 0.0 0.0 0.0 0.0 0.0 0.0 0.0 0.0 0.0 0.0 0.0 0.0 0.0 0.0 0.0 0.0 0.0 0.0 0.0 0.0 0.0 0.0 0.0 0.0 0.0 0.0 0.0 0.0 0.0 0.0 500.0 0.0 0.0 0.0 0.0 0.0 0.0 0.0 0.0 0.0 0.0 0.0 0.0 0.0 0.0 0.0 0.0 0.0 
0.0 0.0 0.0 0.0 0.0 0.0 0.0 0.0 0.0 0.0 0.0 0.0 0.0 0.0 0.0 0.0 0.0 0.0 0.0 0.0 0.0 0.0 0.0 0.0 0.0 0.0 0.0 0.0 0.0 0.0 0.0 0.0 0.0 0.0 0.0 0.0 0.0 0.0 0.0 0.0 0.0 0.0 0.0 0.0 0.0 0.0 600.0 1200.0 0.0 0.0 
0.0 0.0 0.0 0.0 0.0 0.0 0.0 0.0 0.0 0.0 0.0 0.0 0.0 0.0 0.0 0.0 600.0 0.0 0.0 0.0 0.0 0.0 0.0 0.0 0.0 0.0 0.0 0.0 0.0 0.0 0.0 0.0 0.0 0.0 0.0 0.0 0.0 0.0 0.0 0.0 0.0 0.0 0.0 0.0 0.0 0.0 0.0 0.0 0.0 0.0 
0.0 0.0 0.0 0.0 0.0 0.0 0.0 0.0 0.0 0.0 0.0 0.0 0.0 0.0 0.0 0.0 0.0 0.0 0.0 0.0 0.0 0.0 0.0 0.0 0.0 0.0 0.0 0.0 500.0 0.0 0.0 0.0 0.0 0.0 0.0 600.0 0.0 0.0 0.0 0.0 0.0 0.0 0.0 0.0 0.0 0.0 0.0 0.0 0.0 0.0 
0.0 0.0 0.0 0.0 0.0 0.0 0.0 0.0 0.0 0.0 0.0 0.0 0.0 0.0 0.0 0.0 0.0 0.0 0.0 0.0 0.0 0.0 0.0 0.0 0.0 0.0 0.0 0.0 0.0 0.0 0.0 0.0 0.0 0.0 0.0 0.0 0.0 0.0 0.0 0.0 0.0 0.0 0.0 0.0 0.0 0.0 0.0 0.0 0.0 0.0 
0.0 0.0 0.0 0.0 0.0 0.0 0.0 0.0 0.0 0.0 0.0 0.0 0.0 0.0 0.0 0.0 0.0 0.0 0.0 0.0 0.0 0.0 0.0 0.0 0.0 0.0 0.0 0.0 0.0 0.0 0.0 0.0 0.0 0.0 0.0 0.0 0.0 0.0 500.0 0.0 0.0 0.0 0.0 0.0 0.0 0.0 0.0 0.0 0.0 0.0 
Solution for the problem:
Objective optimal Value: 0.3008196721311475
x1[1][1][9] : 1.0
x1[1][2][44] : 1.0
x1[1][3][31] : 1.0
x1[1][4][28] : 1.0
x1[1][5][17] : 1.0
x1[2][1][22] : 1.0
x1[2][2][30] : 1.0
x1[2][3][50] : 1.0
x1[2][4][39] : 1.0
x1[2][5][40] : 1.0
x1[3][1][12] : 1.0
x1[3][2][24] : 1.0
x1[3][3][35] : 1.0
x1[3][4][29] : 1.0
x1[4][1][17] : 1.0
x1[4][2][15] : 1.0
x1[4][3][47] : 1.0
x1[4][4][28] : 1.0
x1[4][5][35] : 1.0
x1[5][2][14] : 1.0
x1[5][3][19] : 1.0
x1[6][2][44] : 1.0
x1[6][5][1] : 1.0
x1[7][1][37] : 1.0
x1[7][2][40] : 1.0
x1[7][3][48] : 1.0
x1[7][5][1] : 1.0
x1[8][1][1] : 1.0
x1[8][2][22] : 1.0
x1[8][3][21] : 1.0
x1[8][4][44] : 1.0
x1[8][5][46] : 1.0
x1[9][1][5] : 1.0
x1[9][2][27] : 1.0
x1[9][3][18] : 1.0
x1[9][4][44] : 1.0
x1[9][5][9] : 1.0
x1[10][2][3] : 1.0
x1[10][3][41] : 1.0
x1[10][4][46] : 1.0
x1[10][5][29] : 1.0
y1[1][9][28] : 1.0
y1[1][15][44] : 1.0
y1[1][17][31] : 1.0
y1[1][21][26] : 1.0
y1[1][26][17] : 1.0
y1[1][28][15] : 1.0
y1[1][44][21] : 1.0
y1[2][1][44] : 1.0
y1[2][22][50] : 1.0
y1[2][27][30] : 1.0
y1[2][30][40] : 1.0
y1[2][36][22] : 1.0
y1[2][40][1] : 1.0
y1[2][44][36] : 1.0
y1[2][50][39] : 1.0
y1[3][1][15] : 1.0
y1[3][3][12] : 1.0
y1[3][6][40] : 1.0
y1[3][10][24] : 1.0
y1[3][12][41] : 1.0
y1[3][15][6] : 1.0
y1[3][29][3] : 1.0
y1[3][31][35] : 1.0
y1[3][35][43] : 1.0
y1[3][36][1] : 1.0
y1[3][40][10] : 1.0
y1[3][41][46] : 1.0
y1[3][43][29] : 1.0
y1[3][46][48] : 1.0
y1[3][48][36] : 1.0
y1[4][6][35] : 1.0
y1[4][15][6] : 1.0
y1[4][17][28] : 1.0
y1[4][28][15] : 1.0
y1[4][35][43] : 1.0
y1[4][47][17] : 1.0
y1[5][1][8] : 1.0
y1[5][8][37] : 1.0
y1[5][14][38] : 1.0
y1[5][26][1] : 1.0
y1[5][27][26] : 1.0
y1[5][37][19] : 1.0
y1[5][38][27] : 1.0
y1[6][5][44] : 1.0
y1[6][36][1] : 1.0
y1[6][44][36] : 1.0
y1[7][1][15] : 1.0
y1[7][6][40] : 1.0
y1[7][8][37] : 1.0
y1[7][15][6] : 1.0
y1[7][22][8] : 1.0
y1[7][26][1] : 1.0
y1[7][27][26] : 1.0
y1[7][36][22] : 1.0
y1[7][37][27] : 1.0
y1[7][40][10] : 1.0
y1[7][48][36] : 1.0
y1[8][1][44] : 1.0
y1[8][6][18] : 1.0
y1[8][17][6] : 1.0
y1[8][18][5] : 1.0
y1[8][21][46] : 1.0
y1[8][22][36] : 1.0
y1[8][26][22] : 1.0
y1[8][27][26] : 1.0
y1[8][36][1] : 1.0
y1[8][44][21] : 1.0
y1[8][46][47] : 1.0
y1[8][47][17] : 1.0
y1[9][5][44] : 1.0
y1[9][9][41] : 1.0
y1[9][18][5] : 1.0
y1[9][20][38] : 1.0
y1[9][36][9] : 1.0
y1[9][38][18] : 1.0
y1[9][40][42] : 1.0
y1[9][41][40] : 1.0
y1[9][42][27] : 1.0
y1[9][44][36] : 1.0
y1[10][3][12] : 1.0
y1[10][12][41] : 1.0
y1[10][29][3] : 1.0
y1[10][41][46] : 1.0
y1[10][43][29] : 1.0
y1[10][46][48] : 1.0
y1[10][48][36] : 1.0
phi[1][1][17][28] : 2.220446049250313E-16
phi[1][1][18][9] : 2.220446049250313E-16
phi[1][1][36][9] : 2.220446049250313E-16
phi[1][1][38][9] : 2.220446049250313E-16
phi[1][2][9][28] : 1.0
phi[1][2][17][28] : 2.220446049250313E-16
phi[1][2][18][9] : 2.220446049250313E-16
phi[1][2][27][26] : 3.3306690738754706E-16
phi[1][2][27][30] : 3.3306690738754706E-16
phi[1][2][30][40] : 4.440892098500627E-16
phi[1][2][36][9] : 2.220446049250313E-16
phi[1][2][38][9] : 2.220446049250313E-16
phi[1][2][42][27] : 3.3306690738754706E-16
phi[1][2][46][47] : 2.220446049250313E-16
phi[1][2][47][17] : 2.220446049250313E-16
phi[1][3][5][27] : 1.1102230246251565E-16
phi[1][3][5][38] : 2.220446049250313E-16
phi[1][3][5][42] : 1.1102230246251565E-16
phi[1][3][5][44] : 1.1102230246251565E-16
phi[1][3][15][44] : 1.0
phi[1][3][17][28] : 2.220446049250313E-16
phi[1][3][18][5] : 5.551115123125783E-16
phi[1][3][18][9] : 2.220446049250313E-16
phi[1][3][18][15] : 2.220446049250313E-16
phi[1][3][27][26] : 5.551115123125784E-16
phi[1][3][27][30] : 5.551115123125784E-16
phi[1][3][28][15] : 1.0
phi[1][3][30][40] : 6.661338147750941E-16
phi[1][3][36][9] : 2.220446049250313E-16
phi[1][3][38][9] : 2.220446049250313E-16
phi[1][3][38][27] : 1.1102230246251565E-16
phi[1][3][38][41] : 1.1102230246251565E-16
phi[1][3][42][27] : 1.1102230246251565E-16
phi[1][4][17][28] : 2.220446049250313E-16
phi[1][4][18][9] : 2.220446049250313E-16
phi[1][4][21][26] : 1.0
phi[1][4][26][17] : 1.0
phi[1][4][27][26] : 1.1102230246251568E-16
phi[1][4][27][30] : 1.1102230246251568E-16
phi[1][4][30][40] : 2.2204460492503136E-16
phi[1][4][36][9] : 2.220446049250313E-16
phi[1][4][38][9] : 2.220446049250313E-16
phi[1][4][44][21] : 1.0
phi[1][5][17][28] : 2.220446049250313E-16
phi[1][5][17][31] : 1.0
phi[1][5][18][9] : 2.220446049250313E-16
phi[1][5][27][26] : 1.1102230246251568E-16
phi[1][5][27][30] : 1.1102230246251568E-16
phi[1][5][30][40] : 2.2204460492503136E-16
phi[1][5][36][9] : 2.220446049250313E-16
phi[1][5][38][9] : 2.220446049250313E-16
phi[1][5][42][27] : 1.1102230246251568E-16
phi[1][6][17][28] : 2.220446049250313E-16
phi[1][6][18][9] : 2.220446049250313E-16
phi[1][6][27][26] : 3.3306690738754706E-16
phi[1][6][27][30] : 3.3306690738754706E-16
phi[1][6][28][15] : 2.220446049250313E-16
phi[1][6][30][40] : 4.440892098500627E-16
phi[1][6][36][9] : 2.220446049250313E-16
phi[1][6][38][9] : 2.220446049250313E-16
phi[1][6][40][1] : 4.440892098500627E-16
phi[1][6][42][27] : 6.661338147750941E-16
phi[2][1][27][30] : 1.0
phi[2][2][30][40] : 1.0
phi[2][3][1][44] : 1.0
phi[2][3][5][38] : 1.7763568394002505E-15
phi[2][3][5][44] : 8.881784197001252E-16
phi[2][3][18][5] : 2.6645352591003757E-15
phi[2][3][36][22] : 1.0
phi[2][3][38][9] : 8.881784197001252E-16
phi[2][3][38][41] : 8.881784197001252E-16
phi[2][3][40][1] : 1.0
phi[2][3][44][36] : 1.0
phi[2][4][22][50] : 1.0
phi[2][4][26][1] : 1.1102230246251568E-16
phi[2][4][26][21] : 1.1102230246251568E-16
phi[2][5][26][1] : 1.1102230246251568E-16
phi[2][5][26][21] : 1.1102230246251568E-16
phi[2][5][50][39] : 1.0
phi[2][6][26][1] : 1.1102230246251568E-16
phi[2][6][26][21] : 1.1102230246251568E-16
phi[2][6][38][9] : 5.551115123125783E-16
phi[2][6][38][41] : 5.551115123125783E-16
phi[3][1][6][40] : 1.1102230246251568E-16
phi[3][1][27][30] : 1.1102230246251568E-16
phi[3][1][30][40] : 1.1102230246251568E-16
phi[3][1][31][35] : 1.0
phi[3][1][41][40] : 1.1102230246251568E-16
phi[3][2][35][43] : 1.0
phi[3][2][43][29] : 1.0
phi[3][3][3][12] : 1.0
phi[3][3][29][3] : 1.0
phi[3][4][1][15] : 1.0
phi[3][4][6][40] : 1.0
phi[3][4][10][24] : 1.0
phi[3][4][12][41] : 1.0
phi[3][4][15][6] : 1.0
phi[3][4][36][1] : 1.0
phi[3][4][40][10] : 1.0
phi[3][4][41][46] : 1.0
phi[3][4][46][48] : 1.0
phi[3][4][48][36] : 1.0
phi[4][2][47][17] : 1.0
phi[4][3][17][28] : 1.0
phi[4][4][28][15] : 1.0
phi[4][5][6][35] : 1.0
phi[4][5][15][6] : 1.0
phi[4][6][35][43] : 1.0
phi[5][2][1][8] : 1.0
phi[5][2][8][37] : 1.0
phi[5][2][14][38] : 1.0
phi[5][2][26][1] : 1.0
phi[5][2][27][26] : 1.0
phi[5][2][37][19] : 1.0
phi[5][2][38][27] : 1.0
phi[5][2][42][27] : 3.3306690738754706E-16
phi[5][3][42][27] : 3.3306690738754706E-16
phi[6][1][5][38] : 2.220446049250313E-16
phi[6][1][5][44] : 1.0
phi[6][1][18][5] : 2.220446049250313E-16
phi[6][2][18][5] : 2.220446049250313E-16
phi[6][2][36][1] : 1.0
phi[6][2][44][36] : 1.0
phi[6][3][18][5] : 2.220446049250313E-16
phi[6][3][21][26] : 4.440892098500627E-16
phi[6][3][26][21] : 4.440892098500627E-16
phi[6][3][27][26] : 3.3306690738754706E-16
phi[6][3][27][30] : 3.3306690738754706E-16
phi[6][3][30][40] : 3.3306690738754706E-16
phi[7][2][8][37] : 1.0
phi[7][2][22][8] : 1.0
phi[7][2][36][22] : 1.0
phi[7][2][48][36] : 1.0
phi[7][3][26][1] : 1.0
phi[7][3][27][26] : 1.0
phi[7][3][37][27] : 1.0
phi[7][4][1][15] : 1.0
phi[7][4][6][40] : 1.0
phi[7][4][15][6] : 1.0
phi[7][5][40][10] : 1.0
phi[8][1][26][22] : 1.0
phi[8][1][27][26] : 1.0
phi[8][2][22][36] : 1.0
phi[8][2][36][1] : 1.0
phi[8][3][1][44] : 1.0
phi[8][4][26][1] : 1.1102230246251568E-16
phi[8][4][26][21] : 1.1102230246251568E-16
phi[8][4][44][21] : 1.0
phi[8][5][21][46] : 1.0
phi[8][5][26][1] : 1.1102230246251568E-16
phi[8][5][26][21] : 1.1102230246251568E-16
phi[8][6][6][18] : 1.0
phi[8][6][17][6] : 1.0
phi[8][6][18][5] : 1.0
phi[8][6][46][47] : 1.0
phi[8][6][47][17] : 1.0
phi[9][1][20][38] : 1.0
phi[9][1][27][30] : 4.440892098500626E-16
phi[9][1][30][40] : 2.220446049250313E-16
phi[9][1][30][42] : 2.220446049250313E-16
phi[9][1][38][18] : 1.0
phi[9][2][18][5] : 1.0
phi[9][2][30][40] : 2.220446049250313E-16
phi[9][2][30][42] : 2.220446049250313E-16
phi[9][3][5][44] : 1.0
phi[9][3][30][40] : 2.220446049250313E-16
phi[9][3][30][42] : 2.220446049250313E-16
phi[9][4][30][40] : 2.220446049250313E-16
phi[9][4][30][42] : 2.220446049250313E-16
phi[9][4][36][9] : 1.0
phi[9][4][44][36] : 1.0
phi[9][5][9][41] : 1.0
phi[9][5][27][30] : 7.771561172376096E-16
phi[9][5][30][40] : 2.220446049250313E-16
phi[9][5][30][42] : 2.220446049250313E-16
phi[9][5][40][42] : 1.0
phi[9][5][41][40] : 1.0
phi[9][5][42][27] : 1.0
phi[9][6][30][40] : 2.220446049250313E-16
phi[9][6][30][42] : 2.220446049250313E-16
phi[9][6][42][27] : 4.930380657631324E-32
phi[10][1][43][29] : 1.0
phi[10][2][29][3] : 1.0
phi[10][3][3][12] : 1.0
phi[10][3][12][41] : 1.0
phi[10][4][41][46] : 1.0
phi[10][5][46][48] : 1.0
phi[10][5][48][36] : 1.0

