5 3 6 14
1.24 6.3 4.72 ;1.08 9.54 4.26 ;1.45 9.94 1.74 ;1.48 1.59 2.7 ;1.88 9.69 2.28 ;
1 3 3 150.0 13.0 0.7421373623927574 5 4 3 1 2 
2 5 6 100.0 13.0 2.229095465456799 1 3 2 4 5 
3 5 3 50.0 13.0 0.11088409220201934 4 2 3 5 1 
0.44
8 1600 61 ;1.71 
8 1600 61 ;1.71 
8 160 26 ;0.53 
16 320 30 ;0.84 
32 6400 244 ;6.82 
32 6400 244 ;6.82 
0 1600 1600 1200 2000 1600 
1600 0 2000 0 1200 1600 
1600 2000 0 1200 1600 1200 
1200 0 1200 0 1600 1600 
2000 1200 1600 1600 0 1600 
1600 1600 1200 1600 1600 0 
