10 10 15 100
1.35 1.48 3.01 ;1.87 43.17 1.86 ;1.61 11.91 3.18 ;1.96 1.02 4.84 ;1.31 23.93 2.21 ;1.51 31.07 3.77 ;1.09 39.33 3.68 ;1.71 46.18 1.8 ;1.83 27.89 3.29 ;1.57 15.95 4.94 ;
1 8 7 100.0 13.0 2.6234488230245265 7 5 1 9 3 
2 12 6 150.0 13.0 3.2047506626289977 9 2 6 5 3 
3 1 14 50.0 13.0 3.227815051834058 8 10 1 9 2 
4 3 4 50.0 13.0 4.426054418434539 5 1 9 8 2 
5 2 9 100.0 13.0 0.07108171782738149 1 10 6 5 7 
6 15 1 50.0 13.0 2.0731429852332846 6 5 1 2 10 
7 3 10 100.0 13.0 0.6739195902822465 10 1 9 5 8 
8 5 3 50.0 13.0 1.6059338507452532 3 6 4 7 2 
9 5 13 100.0 13.0 0.6557592311252919 4 8 10 1 3 
10 6 2 150.0 13.0 3.4224983969708855 3 9 7 4 5 
0.44
16 3200 122 ;3.41 
8 160 15 ;0.42 
16 320 122 ;1.33 
32 640 244 ;2.66 
8 160 15 ;0.42 
8 160 61 ;0.67 
8 1600 61 ;1.71 
8 160 15 ;0.42 
16 320 122 ;1.33 
16 24000 122 ;2.76 
8 1600 61 ;1.71 
8 160 61 ;0.67 
8 160 61 ;0.67 
8 160 15 ;0.42 
16 3200 122 ;3.41 
0 1600 1200 1600 1600 2000 2000 1600 1600 2000 1200 1600 2000 2000 2000 
1600 0 1600 1200 1200 2000 2000 2000 1600 1600 1200 0 1200 2000 2000 
1200 1600 0 1600 1200 1600 2000 1200 1200 2000 1600 0 1200 1200 1600 
1600 1200 1600 0 2000 2000 1600 2000 1600 1600 2000 2000 1200 1600 1600 
1600 1200 1200 2000 0 1600 2000 2000 1200 0 2000 2000 1200 1200 1600 
2000 2000 1600 2000 1600 0 2000 2000 1600 1600 1600 2000 2000 1600 1200 
2000 2000 2000 1600 2000 2000 0 1200 1600 1200 1200 1200 1200 1600 2000 
1600 2000 1200 2000 2000 2000 1200 0 2000 1600 1200 1200 1200 0 2000 
1600 1600 1200 1600 1200 1600 1600 2000 0 1600 2000 1600 1600 2000 1200 
2000 1600 2000 1600 0 1600 1200 1600 1600 0 2000 1600 2000 1200 2000 
1200 1200 1600 2000 2000 1600 1200 1200 2000 2000 0 1200 2000 1600 1200 
1600 0 0 2000 2000 2000 1200 1200 1600 1600 1200 0 1600 1200 0 
2000 1200 1200 1200 1200 2000 1200 1200 1600 2000 2000 1600 0 1600 1600 
2000 2000 1200 1600 1200 1600 1600 0 2000 1200 1600 1200 1600 0 1600 
2000 2000 1600 1600 1600 1200 2000 2000 1200 2000 1200 0 1600 1600 0 
