10 12 15 100
1.35 1.48 3.01 ;1.87 43.17 1.86 ;1.61 11.91 3.18 ;1.96 1.02 4.84 ;1.31 23.93 2.21 ;1.51 31.07 3.77 ;1.09 39.33 3.68 ;1.71 46.18 1.8 ;1.83 27.89 3.29 ;1.57 15.95 4.94 ;
1 4 14 50.0 13.0 2.3050412702208467 5 1 10 9 4 
2 9 8 150.0 13.0 1.0550840649143134 1 4 2 8 10 
3 5 6 150.0 13.0 3.62088362886186 3 1 2 4 5 
4 5 11 100.0 13.0 1.1577719817145948 7 4 3 6 5 
5 10 6 150.0 13.0 1.2552073001501514 2 9 6 10 4 
6 7 5 100.0 13.0 3.447463780364339 10 1 9 3 6 
7 11 11 100.0 13.0 3.9106889791498896 5 8 7 6 1 
8 5 10 50.0 13.0 2.3946425077863767 7 4 10 9 2 
9 13 5 100.0 13.0 2.6947739970752913 7 10 2 4 6 
10 8 12 50.0 13.0 2.761131226081239 3 4 2 8 5 
11 14 7 100.0 13.0 1.6708937151567431 5 9 3 4 2 
12 4 6 150.0 13.0 3.479564398479886 2 10 8 6 5 
0.44
16 3200 122 ;3.41 
8 160 15 ;0.42 
16 320 122 ;1.33 
32 640 244 ;2.66 
8 160 15 ;0.42 
8 160 61 ;0.67 
8 1600 61 ;1.71 
8 160 15 ;0.42 
16 320 122 ;1.33 
16 24000 122 ;2.76 
8 1600 61 ;1.71 
8 160 61 ;0.67 
8 160 61 ;0.67 
8 160 15 ;0.42 
16 3200 122 ;3.41 
0 1600 1200 1600 1600 2000 2000 1600 1600 2000 1200 1600 2000 2000 2000 
1600 0 1600 1200 1200 2000 2000 2000 1600 1600 1200 0 1200 2000 2000 
1200 1600 0 1600 1200 1600 2000 1200 1200 2000 1600 0 1200 1200 1600 
1600 1200 1600 0 2000 2000 1600 2000 1600 1600 2000 2000 1200 1600 1600 
1600 1200 1200 2000 0 1600 2000 2000 1200 0 2000 2000 1200 1200 1600 
2000 2000 1600 2000 1600 0 2000 2000 1600 1600 1600 2000 2000 1600 1200 
2000 2000 2000 1600 2000 2000 0 1200 1600 1200 1200 1200 1200 1600 2000 
1600 2000 1200 2000 2000 2000 1200 0 2000 1600 1200 1200 1200 0 2000 
1600 1600 1200 1600 1200 1600 1600 2000 0 1600 2000 1600 1600 2000 1200 
2000 1600 2000 1600 0 1600 1200 1600 1600 0 2000 1600 2000 1200 2000 
1200 1200 1600 2000 2000 1600 1200 1200 2000 2000 0 1200 2000 1600 1200 
1600 0 0 2000 2000 2000 1200 1200 1600 1600 1200 0 1600 1200 0 
2000 1200 1200 1200 1200 2000 1200 1200 1600 2000 2000 1600 0 1600 1600 
2000 2000 1200 1600 1200 1600 1600 0 2000 1200 1600 1200 1600 0 1600 
2000 2000 1600 1600 1600 1200 2000 2000 1200 2000 1200 0 1600 1600 0 
