10 15 15 100
1.35 1.48 3.01 ;1.87 43.17 1.86 ;1.61 11.91 3.18 ;1.96 1.02 4.84 ;1.31 23.93 2.21 ;1.51 31.07 3.77 ;1.09 39.33 3.68 ;1.71 46.18 1.8 ;1.83 27.89 3.29 ;1.57 15.95 4.94 ;
1 8 2 100.0 13.0 2.293244954251013 10 5 4 3 1 
2 13 3 50.0 13.0 3.533185842932829 10 4 9 3 8 
3 4 2 150.0 13.0 4.493375306492759 1 2 7 3 8 
4 11 10 50.0 13.0 0.23461303690101576 5 2 3 1 9 
5 5 3 50.0 13.0 0.6302651089940997 8 10 7 3 5 
6 13 15 150.0 13.0 1.0907065570794217 9 8 1 10 6 
7 10 14 150.0 13.0 1.9423556456137936 3 8 1 5 6 
8 15 5 50.0 13.0 2.4767117757604407 6 1 4 5 2 
9 12 1 150.0 13.0 1.3707776437505503 3 9 10 1 8 
10 14 7 50.0 13.0 2.1570537017226785 1 5 8 3 2 
11 11 9 100.0 13.0 4.305812263941701 3 6 4 9 2 
12 7 15 50.0 13.0 2.604820292531432 6 10 1 3 7 
13 6 11 100.0 13.0 0.15566319117923 1 10 5 7 3 
14 5 2 150.0 13.0 4.351079605167624 3 9 1 2 10 
15 10 2 100.0 13.0 4.7677146905149765 8 10 7 6 2 
0.44
16 3200 122 ;3.41 
8 160 15 ;0.42 
16 320 122 ;1.33 
32 640 244 ;2.66 
8 160 15 ;0.42 
8 160 61 ;0.67 
8 1600 61 ;1.71 
8 160 15 ;0.42 
16 320 122 ;1.33 
16 24000 122 ;2.76 
8 1600 61 ;1.71 
8 160 61 ;0.67 
8 160 61 ;0.67 
8 160 15 ;0.42 
16 3200 122 ;3.41 
0 1600 1200 1600 1600 2000 2000 1600 1600 2000 1200 1600 2000 2000 2000 
1600 0 1600 1200 1200 2000 2000 2000 1600 1600 1200 0 1200 2000 2000 
1200 1600 0 1600 1200 1600 2000 1200 1200 2000 1600 0 1200 1200 1600 
1600 1200 1600 0 2000 2000 1600 2000 1600 1600 2000 2000 1200 1600 1600 
1600 1200 1200 2000 0 1600 2000 2000 1200 0 2000 2000 1200 1200 1600 
2000 2000 1600 2000 1600 0 2000 2000 1600 1600 1600 2000 2000 1600 1200 
2000 2000 2000 1600 2000 2000 0 1200 1600 1200 1200 1200 1200 1600 2000 
1600 2000 1200 2000 2000 2000 1200 0 2000 1600 1200 1200 1200 0 2000 
1600 1600 1200 1600 1200 1600 1600 2000 0 1600 2000 1600 1600 2000 1200 
2000 1600 2000 1600 0 1600 1200 1600 1600 0 2000 1600 2000 1200 2000 
1200 1200 1600 2000 2000 1600 1200 1200 2000 2000 0 1200 2000 1600 1200 
1600 0 0 2000 2000 2000 1200 1200 1600 1600 1200 0 1600 1200 0 
2000 1200 1200 1200 1200 2000 1200 1200 1600 2000 2000 1600 0 1600 1600 
2000 2000 1200 1600 1200 1600 1600 0 2000 1200 1600 1200 1600 0 1600 
2000 2000 1600 1600 1600 1200 2000 2000 1200 2000 1200 0 1600 1600 0 
