10 18 15 100
1.35 1.48 3.01 ;1.87 43.17 1.86 ;1.61 11.91 3.18 ;1.96 1.02 4.84 ;1.31 23.93 2.21 ;1.51 31.07 3.77 ;1.09 39.33 3.68 ;1.71 46.18 1.8 ;1.83 27.89 3.29 ;1.57 15.95 4.94 ;
1 2 10 100.0 13.0 3.082261381666427 9 5 3 2 4 
2 9 12 50.0 13.0 4.025616264897341 6 7 4 9 3 
3 7 6 100.0 13.0 2.058349017444763 3 7 5 1 6 
4 9 11 150.0 13.0 4.210109027874666 9 6 10 2 8 
5 2 7 50.0 13.0 4.454655737238937 3 1 6 5 9 
6 3 15 100.0 13.0 1.7451683397724742 8 9 3 5 1 
7 15 6 150.0 13.0 2.010720634223735 10 3 5 9 2 
8 14 11 50.0 13.0 1.4067674194466933 8 2 4 1 6 
9 10 2 150.0 13.0 3.8985916193341312 2 4 1 7 10 
10 11 4 100.0 13.0 0.7084374520157843 3 1 10 4 7 
11 5 2 50.0 13.0 2.3555302592432437 8 10 1 7 3 
12 6 3 100.0 13.0 3.6982905391381715 2 5 3 1 6 
13 7 12 50.0 13.0 4.25662561266881 10 1 7 3 6 
14 12 8 150.0 13.0 0.7570897235589985 9 1 6 3 10 
15 10 1 100.0 13.0 0.48766436681900505 9 7 3 4 2 
16 5 14 150.0 13.0 2.6093685234887842 9 3 7 1 6 
17 9 6 50.0 13.0 4.417859063679739 8 2 5 3 7 
18 12 9 100.0 13.0 0.38019587000749255 9 3 2 5 1 
0.44
16 3200 122 ;3.41 
8 160 15 ;0.42 
16 320 122 ;1.33 
32 640 244 ;2.66 
8 160 15 ;0.42 
8 160 61 ;0.67 
8 1600 61 ;1.71 
8 160 15 ;0.42 
16 320 122 ;1.33 
16 24000 122 ;2.76 
8 1600 61 ;1.71 
8 160 61 ;0.67 
8 160 61 ;0.67 
8 160 15 ;0.42 
16 3200 122 ;3.41 
0 1600 1200 1600 1600 2000 2000 1600 1600 2000 1200 1600 2000 2000 2000 
1600 0 1600 1200 1200 2000 2000 2000 1600 1600 1200 0 1200 2000 2000 
1200 1600 0 1600 1200 1600 2000 1200 1200 2000 1600 0 1200 1200 1600 
1600 1200 1600 0 2000 2000 1600 2000 1600 1600 2000 2000 1200 1600 1600 
1600 1200 1200 2000 0 1600 2000 2000 1200 0 2000 2000 1200 1200 1600 
2000 2000 1600 2000 1600 0 2000 2000 1600 1600 1600 2000 2000 1600 1200 
2000 2000 2000 1600 2000 2000 0 1200 1600 1200 1200 1200 1200 1600 2000 
1600 2000 1200 2000 2000 2000 1200 0 2000 1600 1200 1200 1200 0 2000 
1600 1600 1200 1600 1200 1600 1600 2000 0 1600 2000 1600 1600 2000 1200 
2000 1600 2000 1600 0 1600 1200 1600 1600 0 2000 1600 2000 1200 2000 
1200 1200 1600 2000 2000 1600 1200 1200 2000 2000 0 1200 2000 1600 1200 
1600 0 0 2000 2000 2000 1200 1200 1600 1600 1200 0 1600 1200 0 
2000 1200 1200 1200 1200 2000 1200 1200 1600 2000 2000 1600 0 1600 1600 
2000 2000 1200 1600 1200 1600 1600 0 2000 1200 1600 1200 1600 0 1600 
2000 2000 1600 1600 1600 1200 2000 2000 1200 2000 1200 0 1600 1600 0 
