10 20 15 100
1.35 1.48 3.01 ;1.87 43.17 1.86 ;1.61 11.91 3.18 ;1.96 1.02 4.84 ;1.31 23.93 2.21 ;1.51 31.07 3.77 ;1.09 39.33 3.68 ;1.71 46.18 1.8 ;1.83 27.89 3.29 ;1.57 15.95 4.94 ;
1 14 9 100.0 13.0 3.870429590944093 7 10 2 3 1 
2 7 7 150.0 13.0 3.6208401498938136 4 10 3 8 1 
3 10 14 150.0 13.0 4.453301235894431 1 2 7 6 8 
4 1 10 50.0 13.0 0.16420940085879077 2 8 6 1 7 
5 15 12 100.0 13.0 2.024973415102127 6 1 10 7 9 
6 9 11 150.0 13.0 4.00654122992745 3 6 7 1 9 
7 1 13 150.0 13.0 3.6750592638334503 2 5 7 3 9 
8 2 1 150.0 13.0 2.398295089084315 4 1 9 8 5 
9 12 1 50.0 13.0 0.6556095231927916 10 5 8 9 2 
10 2 5 150.0 13.0 3.019349807493639 8 3 7 9 2 
11 8 12 150.0 13.0 0.8515316110049215 3 8 2 7 4 
12 7 9 50.0 13.0 0.7537804295774486 8 3 10 4 6 
13 6 1 150.0 13.0 3.354614279204995 5 2 10 8 3 
14 8 9 100.0 13.0 0.8593689025337337 7 10 5 1 3 
15 8 13 100.0 13.0 2.458982694727019 4 3 9 10 7 
16 8 10 100.0 13.0 1.0197363185992199 6 1 3 7 5 
17 8 9 50.0 13.0 4.559061392601261 9 4 3 6 10 
18 2 2 150.0 13.0 3.005965046697386 10 2 8 9 7 
19 6 1 150.0 13.0 2.201056221441987 1 3 4 9 2 
20 6 15 50.0 13.0 1.8900180764149948 6 9 3 5 4 
0.44
16 3200 122 ;3.41 
8 160 15 ;0.42 
16 320 122 ;1.33 
32 640 244 ;2.66 
8 160 15 ;0.42 
8 160 61 ;0.67 
8 1600 61 ;1.71 
8 160 15 ;0.42 
16 320 122 ;1.33 
16 24000 122 ;2.76 
8 1600 61 ;1.71 
8 160 61 ;0.67 
8 160 61 ;0.67 
8 160 15 ;0.42 
16 3200 122 ;3.41 
0 1600 1200 1600 1600 2000 2000 1600 1600 2000 1200 1600 2000 2000 2000 
1600 0 1600 1200 1200 2000 2000 2000 1600 1600 1200 0 1200 2000 2000 
1200 1600 0 1600 1200 1600 2000 1200 1200 2000 1600 0 1200 1200 1600 
1600 1200 1600 0 2000 2000 1600 2000 1600 1600 2000 2000 1200 1600 1600 
1600 1200 1200 2000 0 1600 2000 2000 1200 0 2000 2000 1200 1200 1600 
2000 2000 1600 2000 1600 0 2000 2000 1600 1600 1600 2000 2000 1600 1200 
2000 2000 2000 1600 2000 2000 0 1200 1600 1200 1200 1200 1200 1600 2000 
1600 2000 1200 2000 2000 2000 1200 0 2000 1600 1200 1200 1200 0 2000 
1600 1600 1200 1600 1200 1600 1600 2000 0 1600 2000 1600 1600 2000 1200 
2000 1600 2000 1600 0 1600 1200 1600 1600 0 2000 1600 2000 1200 2000 
1200 1200 1600 2000 2000 1600 1200 1200 2000 2000 0 1200 2000 1600 1200 
1600 0 0 2000 2000 2000 1200 1200 1600 1600 1200 0 1600 1200 0 
2000 1200 1200 1200 1200 2000 1200 1200 1600 2000 2000 1600 0 1600 1600 
2000 2000 1200 1600 1200 1600 1600 0 2000 1200 1600 1200 1600 0 1600 
2000 2000 1600 1600 1600 1200 2000 2000 1200 2000 1200 0 1600 1600 0 
