5 3 8 27
1.17 7.67 2.26 ;1.5 4.97 1.32 ;1.14 1.3 3.95 ;1.68 7.24 2.08 ;1.1 2.59 4.31 ;
1 7 3 150.0 13.0 4.449176425837845 2 5 1 3 4 
2 2 1 100.0 13.0 4.7179397704587736 5 3 4 2 1 
3 8 8 100.0 13.0 4.573553631288353 5 3 2 4 1 
0.44
32 6400 244 ;6.82 
36 116 48000 ;5.52 
8 160 15 ;0.42 
16 24000 122 ;2.76 
32 640 244 ;2.66 
32 640 244 ;2.66 
8 160 26 ;0.53 
8 1600 61 ;1.71 
0 1600 2000 2000 1600 2000 1200 1200 
1600 0 1200 2000 1200 1600 1600 2000 
2000 1200 0 1200 2000 1600 1600 0 
2000 2000 1200 0 1200 1200 2000 2000 
1600 1200 2000 1200 0 1600 1200 1600 
2000 1600 1600 1200 1600 0 1200 1600 
1200 1600 1600 2000 1200 1200 0 1600 
1200 2000 0 2000 1600 1600 1600 0 
