10 30 50 1220
1.22 39.13 4.12 ;1.31 4.55 3.74 ;1.62 33.45 2.43 ;1.22 35.87 3.17 ;1.44 39.08 3.53 ;1.19 35.72 5.43 ;1.06 46.3 4.79 ;1.73 5.08 1.52 ;1.38 28.44 4.72 ;1.17 13.27 5.24 ;
1 45 14 150.0 13.0 1.605035472597038 2 9 10 7 4 
2 10 31 50.0 13.0 0.08762427951035878 4 9 7 6 2 
3 15 13 50.0 13.0 4.594047339589081 5 6 3 2 10 
4 34 26 50.0 13.0 0.2778740984339334 10 1 9 8 3 
5 26 25 150.0 13.0 3.0624317733258137 10 4 3 9 2 
6 6 30 100.0 13.0 0.7327300856442426 10 9 6 2 1 
7 7 26 50.0 13.0 4.559519027956119 3 9 5 4 6 
8 2 3 150.0 13.0 2.60648917762148 8 1 3 4 5 
9 1 26 150.0 13.0 2.584688076425791 1 10 8 9 2 
10 29 25 50.0 13.0 4.832826545772112 5 8 9 6 1 
11 19 15 100.0 13.0 2.7965366723007508 5 1 3 10 4 
12 42 16 100.0 13.0 0.7141068517539084 3 1 9 2 5 
13 20 39 50.0 13.0 2.222726175017679 7 1 8 6 10 
14 34 50 100.0 13.0 4.622575281545199 1 8 10 5 4 
15 18 3 50.0 13.0 3.7483506320643354 2 4 3 1 5 
16 15 7 150.0 13.0 3.8036022115462877 4 5 2 7 6 
17 46 42 50.0 13.0 3.701477325546543 2 4 1 6 10 
18 27 14 50.0 13.0 2.9093267310975843 2 10 7 9 8 
19 8 45 100.0 13.0 3.6133345369403145 1 9 7 3 4 
20 42 40 150.0 13.0 1.4768899031468248 9 8 10 7 3 
21 26 37 150.0 13.0 4.475454072346566 9 2 10 1 8 
22 49 44 100.0 13.0 3.9785565759491344 10 5 9 4 2 
23 38 46 50.0 13.0 2.073748358625998 9 6 7 10 8 
24 8 14 100.0 13.0 0.8491531022724064 9 1 3 4 6 
25 29 31 50.0 13.0 2.451898773828596 5 9 1 4 2 
26 24 15 150.0 13.0 3.828811571950283 9 7 5 10 3 
27 7 27 150.0 13.0 2.622738408560231 7 4 6 1 9 
28 20 13 50.0 13.0 1.6145709232279386 9 3 10 6 5 
29 50 36 150.0 13.0 4.883161552871529 5 2 4 8 7 
30 17 8 100.0 13.0 0.5452154467426834 2 8 9 6 7 
0.44
8 160 15 ;0.42 
8 1600 61 ;1.71 
8 160 15 ;0.42 
16 24000 122 ;2.76 
16 320 122 ;1.33 
16 320 122 ;1.33 
16 320 122 ;1.33 
32 6400 244 ;6.82 
16 3200 122 ;3.41 
32 640 60 ;1.68 
32 6400 244 ;6.82 
16 3200 122 ;3.41 
8 160 26 ;0.53 
8 160 15 ;0.42 
32 6400 244 ;6.82 
8 160 61 ;0.67 
8 1600 61 ;1.71 
32 6400 244 ;6.82 
8 160 15 ;0.42 
32 640 244 ;2.66 
8 160 26 ;0.53 
16 320 30 ;0.84 
8 160 61 ;0.67 
8 160 15 ;0.42 
36 116 48000 ;5.52 
16 3200 122 ;3.41 
8 160 15 ;0.42 
16 320 30 ;0.84 
8 160 26 ;0.53 
16 320 30 ;0.84 
8 160 61 ;0.67 
8 160 15 ;0.42 
16 24000 122 ;2.76 
16 3200 122 ;3.41 
8 160 26 ;0.53 
32 6400 244 ;6.82 
8 1600 61 ;1.71 
36 116 48000 ;5.52 
16 24000 122 ;2.76 
16 3200 122 ;3.41 
8 160 61 ;0.67 
16 3200 122 ;3.41 
8 160 61 ;0.67 
16 320 122 ;1.33 
8 160 15 ;0.42 
36 116 48000 ;5.52 
16 3200 122 ;3.41 
16 24000 122 ;2.76 
36 116 48000 ;5.52 
16 320 30 ;0.84 
0 1600 1200 1200 1200 1200 2000 2000 1600 1600 2000 1600 1600 1600 1600 1600 2000 1600 1600 2000 1600 1600 1600 1200 1200 1600 1200 2000 2000 1600 1200 1200 1200 2000 1600 1600 2000 1600 1200 2000 1600 1200 1600 2000 1600 1200 1200 1200 2000 2000 
1600 0 2000 2000 2000 1200 1200 1200 1600 1600 2000 1200 1200 1600 2000 2000 1600 2000 2000 1600 1600 1600 2000 2000 1600 1600 2000 2000 1600 1200 2000 1200 2000 1200 1200 2000 1200 2000 2000 2000 2000 2000 1200 1600 1600 1200 1200 2000 2000 1200 
1200 2000 0 1600 1600 2000 1200 2000 1600 1600 1600 1200 1600 1600 1600 2000 2000 2000 2000 2000 1600 1200 1200 1600 1600 1200 1200 1200 1200 1600 1200 1200 1200 1600 2000 1600 1600 1600 2000 1200 2000 1200 1200 2000 1600 2000 2000 1600 1600 2000 
1200 2000 1600 0 2000 1600 2000 1200 1600 2000 1200 1600 1600 1600 1200 2000 2000 1200 1200 1200 2000 1200 1600 1600 2000 1600 1600 1600 2000 1200 1600 1600 2000 2000 1200 1200 1200 1600 1200 1600 1600 1600 2000 1200 2000 1600 1600 2000 1200 1200 
1200 2000 1600 2000 0 1600 1200 1200 1600 1600 2000 1600 1200 2000 2000 2000 2000 1600 1600 1200 1200 1200 2000 1600 2000 1600 1600 1200 1200 2000 2000 2000 2000 1200 2000 1200 1600 1200 1200 2000 2000 2000 1600 1600 2000 1200 1200 1200 1200 2000 
1200 1200 2000 1600 1600 0 1200 1200 1200 2000 2000 1200 1600 1200 1200 1200 2000 1200 1600 1200 2000 1600 2000 2000 2000 1200 1600 2000 1200 1600 2000 2000 2000 1200 1600 1200 1600 2000 1200 1200 1200 2000 1600 1600 1200 1600 1200 1600 2000 1200 
2000 1200 1200 2000 1200 1200 0 1200 1600 1200 1600 1600 2000 2000 2000 1200 2000 1600 1600 1200 2000 1600 1600 1200 1600 1200 1200 1600 1600 1600 1600 2000 1600 1600 2000 2000 1200 1200 1600 1200 2000 1200 1600 1600 1600 1600 1200 2000 1600 2000 
2000 1200 2000 1200 1200 1200 1200 0 1600 2000 1600 1600 1200 1600 1200 1600 1200 1200 1200 1600 1600 1200 2000 1600 1600 1200 1600 2000 1600 1200 2000 1600 1200 1600 1600 1600 2000 1600 1600 1200 1600 1600 2000 2000 2000 1600 1200 1600 2000 2000 
1600 1600 1600 1600 1600 1200 1600 1600 0 1200 1200 1600 2000 2000 1200 2000 1200 1600 1200 2000 1200 1200 2000 2000 1200 1200 1600 2000 1200 2000 1600 1600 1200 1200 1200 2000 2000 2000 1200 2000 2000 2000 2000 1600 1600 1600 2000 1600 1200 1200 
1600 1600 1600 2000 1600 2000 1200 2000 1200 0 1200 2000 1200 1600 2000 2000 2000 1200 2000 1200 1200 1600 1600 1200 1600 2000 2000 2000 2000 1200 1200 1200 2000 1600 1600 1200 1600 2000 1200 2000 2000 2000 1600 1200 2000 1600 2000 1200 2000 1200 
2000 2000 1600 1200 2000 2000 1600 1600 1200 1200 0 1200 1600 1200 1600 1600 2000 1600 1600 2000 1600 1200 2000 1200 2000 1200 1200 2000 1600 1600 1600 1200 1200 1200 2000 2000 2000 2000 1600 1200 1200 2000 1200 1200 1200 1600 2000 2000 1200 1200 
1600 1200 1200 1600 1600 1200 1600 1600 1600 2000 1200 0 2000 1200 1200 1200 1600 2000 1600 1200 1200 1600 1600 2000 2000 1600 2000 1600 1600 1200 2000 2000 2000 1600 2000 1600 1200 1200 2000 1600 1600 1200 2000 2000 1200 2000 1200 1200 1600 2000 
1600 1200 1600 1600 1200 1600 2000 1200 2000 1200 1600 2000 0 1200 1600 1200 2000 2000 1600 2000 2000 2000 2000 2000 1600 1200 1200 1200 1200 2000 1200 1600 1600 1200 1600 1200 1600 1600 1600 2000 2000 1600 1600 1200 2000 2000 2000 2000 1200 2000 
1600 1600 1600 1600 2000 1200 2000 1600 2000 1600 1200 1200 1200 0 1600 1200 1600 1600 1200 2000 1600 1200 2000 1600 1600 2000 2000 1600 2000 1200 2000 2000 1600 1600 1200 1600 2000 2000 2000 1200 2000 2000 1600 2000 1600 1200 1200 1600 1600 1200 
1600 2000 1600 1200 2000 1200 2000 1200 1200 2000 1600 1200 1600 1600 0 1600 1600 1200 1200 2000 1200 2000 1600 1600 1200 1200 2000 1600 1600 1600 1600 2000 2000 1200 2000 1200 2000 1200 1200 1200 1200 1200 2000 1200 1200 1600 2000 1600 1200 1200 
1600 2000 2000 2000 2000 1200 1200 1600 2000 2000 1600 1200 1200 1200 1600 0 2000 1200 1600 1200 1200 1200 2000 2000 1200 1200 1600 1200 1200 1600 1200 2000 1200 1200 1200 2000 2000 2000 1200 1200 1600 1600 1200 1600 1600 1600 1600 1200 1200 1600 
2000 1600 2000 2000 2000 2000 2000 1200 1200 2000 2000 1600 2000 1600 1600 2000 0 1600 2000 2000 2000 1200 2000 1600 1600 2000 1600 1600 2000 1600 1600 2000 1200 2000 2000 2000 2000 2000 1200 2000 1200 2000 1200 1600 1200 2000 1600 2000 2000 2000 
1600 2000 2000 1200 1600 1200 1600 1200 1600 1200 1600 2000 2000 1600 1200 1200 1600 0 1200 2000 1200 2000 1600 2000 1600 2000 2000 2000 1600 1200 1600 1200 2000 1600 1200 1200 1200 1600 1600 1600 1200 1600 1600 2000 2000 1200 1600 1200 1600 2000 
1600 2000 2000 1200 1600 1600 1600 1200 1200 2000 1600 1600 1600 1200 1200 1600 2000 1200 0 1200 2000 1600 1200 1200 1200 1200 1600 1600 1600 2000 2000 1200 1600 1600 1600 2000 2000 2000 1600 1600 1200 1200 2000 1200 1200 2000 1200 1600 1200 1200 
2000 1600 2000 1200 1200 1200 1200 1600 2000 1200 2000 1200 2000 2000 2000 1200 2000 2000 1200 0 1600 1600 2000 2000 1200 2000 2000 2000 1200 1200 2000 1600 1600 1600 2000 1600 1200 2000 2000 1200 1200 1600 1600 1200 1600 2000 1600 2000 2000 2000 
1600 1600 1600 2000 1200 2000 2000 1600 1200 1200 1600 1200 2000 1600 1200 1200 2000 1200 2000 1600 0 1200 1600 1600 1200 1600 1600 2000 1600 1200 1200 1600 1200 2000 1600 1200 2000 1200 2000 1600 1200 1200 1600 2000 1600 1200 1200 1600 2000 1200 
1600 1600 1200 1200 1200 1600 1600 1200 1200 1600 1200 1600 2000 1200 2000 1200 1200 2000 1600 1600 1200 0 2000 1200 1200 1600 2000 1200 1600 1200 2000 2000 1200 2000 2000 2000 1600 1600 1200 2000 2000 1200 1200 2000 2000 1200 1200 1600 1200 1200 
1600 2000 1200 1600 2000 2000 1600 2000 2000 1600 2000 1600 2000 2000 1600 2000 2000 1600 1200 2000 1600 2000 0 1600 1200 0 1200 1200 1600 1600 2000 2000 1200 2000 1200 1600 1600 1600 2000 2000 1600 2000 2000 1200 1600 1600 1600 1600 1600 2000 
1200 2000 1600 1600 1600 2000 1200 1600 2000 1200 1200 2000 2000 1600 1600 2000 1600 2000 1200 2000 1600 1200 1600 0 1600 1600 1200 2000 1200 1600 1600 1200 2000 1600 1200 2000 2000 2000 1200 1600 2000 2000 2000 1200 1600 0 1600 1200 2000 1200 
1200 1600 1600 2000 2000 2000 1600 1600 1200 1600 2000 2000 1600 1600 1200 1200 1600 1600 1200 1200 1200 1200 1200 1600 0 1200 1200 1600 1600 1200 1200 2000 2000 0 1200 2000 1600 2000 2000 1600 1600 1200 1200 2000 1600 1200 1200 2000 1200 1200 
1600 1600 1200 1600 1600 1200 1200 1200 1200 2000 1200 1600 1200 2000 1200 1200 2000 2000 1200 2000 1600 1600 0 1600 1200 0 2000 2000 2000 1200 1200 2000 1600 1600 2000 2000 1200 2000 1600 2000 1200 1600 1600 2000 2000 1200 2000 2000 1600 2000 
1200 2000 1200 1600 1600 1600 1200 1600 1600 2000 1200 2000 1200 2000 2000 1600 1600 2000 1600 2000 1600 2000 1200 1200 1200 2000 0 2000 2000 2000 1200 2000 1600 1200 1200 1200 1600 1600 1200 1600 1200 1200 2000 1600 1200 2000 1200 1200 1600 2000 
2000 2000 1200 1600 1200 2000 1600 2000 2000 2000 2000 1600 1200 1600 1600 1200 1600 2000 1600 2000 2000 1200 1200 2000 1600 2000 2000 0 2000 2000 2000 1600 2000 2000 1600 2000 1200 1600 2000 1600 1200 2000 1600 2000 1200 1200 1600 2000 2000 2000 
2000 1600 1200 2000 1200 1200 1600 1600 1200 2000 1600 1600 1200 2000 1600 1200 2000 1600 1600 1200 1600 1600 1600 1200 1600 2000 2000 2000 0 2000 1600 2000 1200 1200 2000 1200 1600 1200 1600 2000 2000 2000 1600 2000 2000 1200 1200 1600 1600 2000 
1600 1200 1600 1200 2000 1600 1600 1200 2000 1200 1600 1200 2000 1200 1600 1600 1600 1200 2000 1200 1200 1200 1600 1600 1200 1200 2000 2000 2000 0 1200 1200 1600 2000 1600 1600 2000 1200 1600 2000 2000 2000 1600 2000 2000 1200 1200 1600 1600 1200 
1200 2000 1200 1600 2000 2000 1600 2000 1600 1200 1600 2000 1200 2000 1600 1200 1600 1600 2000 2000 1200 2000 2000 1600 1200 1200 1200 2000 1600 1200 0 2000 1200 1600 2000 2000 1600 1600 1200 1600 1600 1200 1600 1600 2000 1600 2000 1200 1200 1200 
1200 1200 1200 1600 2000 2000 2000 1600 1600 1200 1200 2000 1600 2000 2000 2000 2000 1200 1200 1600 1600 2000 2000 1200 2000 2000 2000 1600 2000 1200 2000 0 2000 1200 1600 2000 1600 2000 1200 1200 2000 1600 1600 1600 2000 1200 0 1600 1600 2000 
1200 2000 1200 2000 2000 2000 1600 1200 1200 2000 1200 2000 1600 1600 2000 1200 1200 2000 1600 1600 1200 1200 1200 2000 2000 1600 1600 2000 1200 1600 1200 2000 0 1600 1600 1600 1600 2000 2000 1600 2000 1200 1200 2000 1600 1600 1600 1200 1200 2000 
2000 1200 1600 2000 1200 1200 1600 1600 1200 1600 1200 1600 1200 1600 1200 1200 2000 1600 1600 1600 2000 2000 2000 1600 0 1600 1200 2000 1200 2000 1600 1200 1600 0 2000 1200 1600 2000 1600 1600 2000 1200 2000 1600 1200 2000 1200 2000 1200 1200 
1600 1200 2000 1200 2000 1600 2000 1600 1200 1600 2000 2000 1600 1200 2000 1200 2000 1200 1600 2000 1600 2000 1200 1200 1200 2000 1200 1600 2000 1600 2000 1600 1600 2000 0 1600 1600 2000 1600 2000 1600 1200 2000 2000 1200 2000 2000 2000 1200 2000 
1600 2000 1600 1200 1200 1200 2000 1600 2000 1200 2000 1600 1200 1600 1200 2000 2000 1200 2000 1600 1200 2000 1600 2000 2000 2000 1200 2000 1200 1600 2000 2000 1600 1200 1600 0 2000 1600 1200 1200 2000 1200 2000 1600 1200 1200 2000 1600 1600 2000 
2000 1200 1600 1200 1600 1600 1200 2000 2000 1600 2000 1200 1600 2000 2000 2000 2000 1200 2000 1200 2000 1600 1600 2000 1600 1200 1600 1200 1600 2000 1600 1600 1600 1600 1600 2000 0 2000 2000 2000 1200 1200 1200 1200 1600 2000 1600 1200 2000 2000 
1600 2000 1600 1600 1200 2000 1200 1600 2000 2000 2000 1200 1600 2000 1200 2000 2000 1600 2000 2000 1200 1600 1600 2000 2000 2000 1600 1600 1200 1200 1600 2000 2000 2000 2000 1600 2000 0 1600 2000 1600 1600 1600 2000 2000 1600 1600 1200 1600 2000 
1200 2000 2000 1200 1200 1200 1600 1600 1200 1200 1600 2000 1600 2000 1200 1200 1200 1600 1600 2000 2000 1200 2000 1200 2000 1600 1200 2000 1600 1600 1200 1200 2000 1600 1600 1200 2000 1600 0 2000 1600 1200 1200 1600 0 1600 1600 1200 1200 1600 
2000 2000 1200 1600 2000 1200 1200 1200 2000 2000 1200 1600 2000 1200 1200 1200 2000 1600 1600 1200 1600 2000 2000 1600 1600 2000 1600 1600 2000 2000 1600 1200 1600 1600 2000 1200 2000 2000 2000 0 2000 1200 1200 1600 1600 2000 1200 2000 2000 1200 
1600 2000 2000 1600 2000 1200 2000 1600 2000 2000 1200 1600 2000 2000 1200 1600 1200 1200 1200 1200 1200 2000 1600 2000 1600 1200 1200 1200 2000 2000 1600 2000 2000 2000 1600 2000 1200 1600 1600 2000 0 1200 2000 1600 1600 1600 1200 2000 1200 2000 
1200 2000 1200 1600 2000 2000 1200 1600 2000 2000 2000 1200 1600 2000 1200 1600 2000 1600 1200 1600 1200 1200 2000 2000 1200 1600 1200 2000 2000 2000 1200 1600 1200 1200 1200 1200 1200 1600 1200 1200 1200 0 1200 1600 1600 2000 1600 2000 1600 1200 
1600 1200 1200 2000 1600 1600 1600 2000 2000 1600 1200 2000 1600 1600 2000 1200 1200 1600 2000 1600 1600 1200 2000 2000 1200 1600 2000 1600 1600 1600 1600 1600 1200 2000 2000 2000 1200 1600 1200 1200 2000 1200 0 2000 2000 2000 1600 2000 1200 1600 
2000 1600 2000 1200 1600 1600 1600 2000 1600 1200 1200 2000 1200 2000 1200 1600 1600 2000 1200 1200 2000 2000 1200 1200 2000 2000 1600 2000 2000 2000 1600 1600 2000 1600 2000 1600 1200 2000 1600 1600 1600 1600 2000 0 1600 2000 1600 2000 1600 1200 
1600 1600 1600 2000 2000 1200 1600 2000 1600 2000 1200 1200 2000 1600 1200 1600 1200 2000 1200 1600 1600 2000 1600 1600 1600 2000 1200 1200 2000 2000 2000 2000 1600 1200 1200 1200 1600 2000 0 1600 1600 1600 2000 1600 0 1200 1600 2000 2000 1200 
1200 1200 2000 1600 1200 1600 1600 1600 1600 1600 1600 2000 2000 1200 1600 1600 2000 1200 2000 2000 1200 1200 1600 0 1200 1200 2000 1200 1200 1200 1600 1200 1600 2000 2000 1200 2000 1600 1600 2000 1600 2000 2000 2000 1200 0 1600 2000 2000 1600 
1200 1200 2000 1600 1200 1200 1200 1200 2000 2000 2000 1200 2000 1200 2000 1600 1600 1600 1200 1600 1200 1200 1600 1600 1200 2000 1200 1600 1200 1200 2000 0 1600 1200 2000 2000 1600 1600 1600 1200 1200 1600 1600 1600 1600 1600 0 2000 1200 1200 
1200 2000 1600 2000 1200 1600 2000 1600 1600 1200 2000 1200 2000 1600 1600 1200 2000 1200 1600 2000 1600 1600 1600 1200 2000 2000 1200 2000 1600 1600 1200 1600 1200 2000 2000 1600 1200 1200 1200 2000 2000 2000 2000 2000 2000 2000 2000 0 1200 1600 
2000 2000 1600 1200 1200 2000 1600 2000 1200 2000 1200 1600 1200 1600 1200 1200 2000 1600 1200 2000 2000 1200 1600 2000 1200 1600 1600 2000 1600 1600 1200 1600 1200 1200 1200 1600 2000 1600 1200 2000 1200 1600 1200 1600 2000 2000 1200 1200 0 1600 
2000 1200 2000 1200 2000 1200 2000 2000 1200 1200 1200 2000 2000 1200 1200 1600 2000 2000 1200 2000 1200 1200 2000 1200 1200 2000 2000 2000 2000 1200 1200 2000 2000 1200 2000 2000 2000 2000 1600 1200 2000 1200 1600 1200 1200 1600 1200 1600 1600 0 
