10 45 50 1220
1.22 39.13 4.12 ;1.31 4.55 3.74 ;1.62 33.45 2.43 ;1.22 35.87 3.17 ;1.44 39.08 3.53 ;1.19 35.72 5.43 ;1.06 46.3 4.79 ;1.73 5.08 1.52 ;1.38 28.44 4.72 ;1.17 13.27 5.24 ;
1 19 49 150.0 13.0 4.546125449083813 4 5 9 1 3 
2 47 44 100.0 13.0 1.2410656148184718 6 7 5 3 9 
3 39 9 50.0 13.0 3.843016183176851 2 4 3 8 1 
4 35 18 100.0 13.0 1.8851882333669079 2 5 10 1 9 
5 6 15 150.0 13.0 4.511066691358603 8 2 10 1 9 
6 5 47 50.0 13.0 0.40025585350526804 5 6 1 10 8 
7 29 41 150.0 13.0 1.4943976060959425 5 3 6 4 8 
8 20 32 100.0 13.0 3.7710725377328105 4 7 9 3 2 
9 35 1 50.0 13.0 2.0196927441422585 8 10 2 7 4 
10 12 4 150.0 13.0 2.278114373708319 9 2 10 3 1 
11 16 12 50.0 13.0 3.546549433850485 8 2 5 10 4 
12 45 3 50.0 13.0 2.486851769383966 10 3 8 6 5 
13 24 27 150.0 13.0 3.661075281537199 1 9 5 6 3 
14 8 49 50.0 13.0 3.6902964580629294 4 8 5 1 2 
15 39 35 100.0 13.0 2.2148462642327047 5 1 4 8 7 
16 20 27 150.0 13.0 4.518945051458577 8 6 7 1 4 
17 14 11 150.0 13.0 0.96465864711343 5 8 2 6 10 
18 5 38 100.0 13.0 2.0552365417213077 1 6 2 7 8 
19 18 24 50.0 13.0 0.4240903682303854 8 4 5 1 3 
20 3 15 50.0 13.0 3.928106123537409 10 1 5 3 7 
21 29 20 150.0 13.0 0.021301815413883873 3 8 1 2 10 
22 11 46 150.0 13.0 3.363662028175608 8 6 3 1 4 
23 23 47 50.0 13.0 3.730069739686142 5 9 2 8 6 
24 12 30 150.0 13.0 0.10775826940590316 8 2 5 10 4 
25 6 23 100.0 13.0 3.4272162667154853 7 9 1 4 6 
26 11 44 150.0 13.0 2.7333440986130335 10 7 9 2 3 
27 48 9 150.0 13.0 0.20656207749085942 1 7 10 6 8 
28 21 4 50.0 13.0 0.2998636741859717 9 2 4 3 5 
29 32 40 100.0 13.0 1.0654844972251343 3 10 4 8 5 
30 2 1 50.0 13.0 1.0354513842706141 10 4 9 2 3 
31 33 6 150.0 13.0 0.0392999724580384 2 5 4 10 9 
32 12 42 100.0 13.0 1.586735202733947 6 10 4 2 3 
33 33 23 150.0 13.0 1.664517943667993 4 1 3 7 2 
34 18 43 150.0 13.0 4.207661562729906 3 7 5 4 2 
35 20 13 100.0 13.0 4.780192747874138 4 10 3 1 6 
36 34 20 150.0 13.0 1.5105865774227822 10 1 6 9 8 
37 23 28 150.0 13.0 1.29630312957628 10 7 4 9 8 
38 14 41 100.0 13.0 4.432877812862625 3 9 5 6 4 
39 11 48 100.0 13.0 1.0435954646538281 8 7 10 1 5 
40 12 27 100.0 13.0 0.980173048399493 5 2 10 6 9 
41 29 45 50.0 13.0 2.720145720485307 5 6 8 9 7 
42 17 9 50.0 13.0 3.112445664486917 7 1 9 3 10 
43 35 38 100.0 13.0 2.753262315741614 7 5 10 4 8 
44 15 25 150.0 13.0 0.40268136089251005 6 2 5 3 7 
45 7 14 100.0 13.0 3.2299411274868115 9 10 3 7 1 
0.44
8 160 15 ;0.42 
8 1600 61 ;1.71 
8 160 15 ;0.42 
16 24000 122 ;2.76 
16 320 122 ;1.33 
16 320 122 ;1.33 
16 320 122 ;1.33 
32 6400 244 ;6.82 
16 3200 122 ;3.41 
32 640 60 ;1.68 
32 6400 244 ;6.82 
16 3200 122 ;3.41 
8 160 26 ;0.53 
8 160 15 ;0.42 
32 6400 244 ;6.82 
8 160 61 ;0.67 
8 1600 61 ;1.71 
32 6400 244 ;6.82 
8 160 15 ;0.42 
32 640 244 ;2.66 
8 160 26 ;0.53 
16 320 30 ;0.84 
8 160 61 ;0.67 
8 160 15 ;0.42 
36 116 48000 ;5.52 
16 3200 122 ;3.41 
8 160 15 ;0.42 
16 320 30 ;0.84 
8 160 26 ;0.53 
16 320 30 ;0.84 
8 160 61 ;0.67 
8 160 15 ;0.42 
16 24000 122 ;2.76 
16 3200 122 ;3.41 
8 160 26 ;0.53 
32 6400 244 ;6.82 
8 1600 61 ;1.71 
36 116 48000 ;5.52 
16 24000 122 ;2.76 
16 3200 122 ;3.41 
8 160 61 ;0.67 
16 3200 122 ;3.41 
8 160 61 ;0.67 
16 320 122 ;1.33 
8 160 15 ;0.42 
36 116 48000 ;5.52 
16 3200 122 ;3.41 
16 24000 122 ;2.76 
36 116 48000 ;5.52 
16 320 30 ;0.84 
0 1600 1200 1200 1200 1200 2000 2000 1600 1600 2000 1600 1600 1600 1600 1600 2000 1600 1600 2000 1600 1600 1600 1200 1200 1600 1200 2000 2000 1600 1200 1200 1200 2000 1600 1600 2000 1600 1200 2000 1600 1200 1600 2000 1600 1200 1200 1200 2000 2000 
1600 0 2000 2000 2000 1200 1200 1200 1600 1600 2000 1200 1200 1600 2000 2000 1600 2000 2000 1600 1600 1600 2000 2000 1600 1600 2000 2000 1600 1200 2000 1200 2000 1200 1200 2000 1200 2000 2000 2000 2000 2000 1200 1600 1600 1200 1200 2000 2000 1200 
1200 2000 0 1600 1600 2000 1200 2000 1600 1600 1600 1200 1600 1600 1600 2000 2000 2000 2000 2000 1600 1200 1200 1600 1600 1200 1200 1200 1200 1600 1200 1200 1200 1600 2000 1600 1600 1600 2000 1200 2000 1200 1200 2000 1600 2000 2000 1600 1600 2000 
1200 2000 1600 0 2000 1600 2000 1200 1600 2000 1200 1600 1600 1600 1200 2000 2000 1200 1200 1200 2000 1200 1600 1600 2000 1600 1600 1600 2000 1200 1600 1600 2000 2000 1200 1200 1200 1600 1200 1600 1600 1600 2000 1200 2000 1600 1600 2000 1200 1200 
1200 2000 1600 2000 0 1600 1200 1200 1600 1600 2000 1600 1200 2000 2000 2000 2000 1600 1600 1200 1200 1200 2000 1600 2000 1600 1600 1200 1200 2000 2000 2000 2000 1200 2000 1200 1600 1200 1200 2000 2000 2000 1600 1600 2000 1200 1200 1200 1200 2000 
1200 1200 2000 1600 1600 0 1200 1200 1200 2000 2000 1200 1600 1200 1200 1200 2000 1200 1600 1200 2000 1600 2000 2000 2000 1200 1600 2000 1200 1600 2000 2000 2000 1200 1600 1200 1600 2000 1200 1200 1200 2000 1600 1600 1200 1600 1200 1600 2000 1200 
2000 1200 1200 2000 1200 1200 0 1200 1600 1200 1600 1600 2000 2000 2000 1200 2000 1600 1600 1200 2000 1600 1600 1200 1600 1200 1200 1600 1600 1600 1600 2000 1600 1600 2000 2000 1200 1200 1600 1200 2000 1200 1600 1600 1600 1600 1200 2000 1600 2000 
2000 1200 2000 1200 1200 1200 1200 0 1600 2000 1600 1600 1200 1600 1200 1600 1200 1200 1200 1600 1600 1200 2000 1600 1600 1200 1600 2000 1600 1200 2000 1600 1200 1600 1600 1600 2000 1600 1600 1200 1600 1600 2000 2000 2000 1600 1200 1600 2000 2000 
1600 1600 1600 1600 1600 1200 1600 1600 0 1200 1200 1600 2000 2000 1200 2000 1200 1600 1200 2000 1200 1200 2000 2000 1200 1200 1600 2000 1200 2000 1600 1600 1200 1200 1200 2000 2000 2000 1200 2000 2000 2000 2000 1600 1600 1600 2000 1600 1200 1200 
1600 1600 1600 2000 1600 2000 1200 2000 1200 0 1200 2000 1200 1600 2000 2000 2000 1200 2000 1200 1200 1600 1600 1200 1600 2000 2000 2000 2000 1200 1200 1200 2000 1600 1600 1200 1600 2000 1200 2000 2000 2000 1600 1200 2000 1600 2000 1200 2000 1200 
2000 2000 1600 1200 2000 2000 1600 1600 1200 1200 0 1200 1600 1200 1600 1600 2000 1600 1600 2000 1600 1200 2000 1200 2000 1200 1200 2000 1600 1600 1600 1200 1200 1200 2000 2000 2000 2000 1600 1200 1200 2000 1200 1200 1200 1600 2000 2000 1200 1200 
1600 1200 1200 1600 1600 1200 1600 1600 1600 2000 1200 0 2000 1200 1200 1200 1600 2000 1600 1200 1200 1600 1600 2000 2000 1600 2000 1600 1600 1200 2000 2000 2000 1600 2000 1600 1200 1200 2000 1600 1600 1200 2000 2000 1200 2000 1200 1200 1600 2000 
1600 1200 1600 1600 1200 1600 2000 1200 2000 1200 1600 2000 0 1200 1600 1200 2000 2000 1600 2000 2000 2000 2000 2000 1600 1200 1200 1200 1200 2000 1200 1600 1600 1200 1600 1200 1600 1600 1600 2000 2000 1600 1600 1200 2000 2000 2000 2000 1200 2000 
1600 1600 1600 1600 2000 1200 2000 1600 2000 1600 1200 1200 1200 0 1600 1200 1600 1600 1200 2000 1600 1200 2000 1600 1600 2000 2000 1600 2000 1200 2000 2000 1600 1600 1200 1600 2000 2000 2000 1200 2000 2000 1600 2000 1600 1200 1200 1600 1600 1200 
1600 2000 1600 1200 2000 1200 2000 1200 1200 2000 1600 1200 1600 1600 0 1600 1600 1200 1200 2000 1200 2000 1600 1600 1200 1200 2000 1600 1600 1600 1600 2000 2000 1200 2000 1200 2000 1200 1200 1200 1200 1200 2000 1200 1200 1600 2000 1600 1200 1200 
1600 2000 2000 2000 2000 1200 1200 1600 2000 2000 1600 1200 1200 1200 1600 0 2000 1200 1600 1200 1200 1200 2000 2000 1200 1200 1600 1200 1200 1600 1200 2000 1200 1200 1200 2000 2000 2000 1200 1200 1600 1600 1200 1600 1600 1600 1600 1200 1200 1600 
2000 1600 2000 2000 2000 2000 2000 1200 1200 2000 2000 1600 2000 1600 1600 2000 0 1600 2000 2000 2000 1200 2000 1600 1600 2000 1600 1600 2000 1600 1600 2000 1200 2000 2000 2000 2000 2000 1200 2000 1200 2000 1200 1600 1200 2000 1600 2000 2000 2000 
1600 2000 2000 1200 1600 1200 1600 1200 1600 1200 1600 2000 2000 1600 1200 1200 1600 0 1200 2000 1200 2000 1600 2000 1600 2000 2000 2000 1600 1200 1600 1200 2000 1600 1200 1200 1200 1600 1600 1600 1200 1600 1600 2000 2000 1200 1600 1200 1600 2000 
1600 2000 2000 1200 1600 1600 1600 1200 1200 2000 1600 1600 1600 1200 1200 1600 2000 1200 0 1200 2000 1600 1200 1200 1200 1200 1600 1600 1600 2000 2000 1200 1600 1600 1600 2000 2000 2000 1600 1600 1200 1200 2000 1200 1200 2000 1200 1600 1200 1200 
2000 1600 2000 1200 1200 1200 1200 1600 2000 1200 2000 1200 2000 2000 2000 1200 2000 2000 1200 0 1600 1600 2000 2000 1200 2000 2000 2000 1200 1200 2000 1600 1600 1600 2000 1600 1200 2000 2000 1200 1200 1600 1600 1200 1600 2000 1600 2000 2000 2000 
1600 1600 1600 2000 1200 2000 2000 1600 1200 1200 1600 1200 2000 1600 1200 1200 2000 1200 2000 1600 0 1200 1600 1600 1200 1600 1600 2000 1600 1200 1200 1600 1200 2000 1600 1200 2000 1200 2000 1600 1200 1200 1600 2000 1600 1200 1200 1600 2000 1200 
1600 1600 1200 1200 1200 1600 1600 1200 1200 1600 1200 1600 2000 1200 2000 1200 1200 2000 1600 1600 1200 0 2000 1200 1200 1600 2000 1200 1600 1200 2000 2000 1200 2000 2000 2000 1600 1600 1200 2000 2000 1200 1200 2000 2000 1200 1200 1600 1200 1200 
1600 2000 1200 1600 2000 2000 1600 2000 2000 1600 2000 1600 2000 2000 1600 2000 2000 1600 1200 2000 1600 2000 0 1600 1200 0 1200 1200 1600 1600 2000 2000 1200 2000 1200 1600 1600 1600 2000 2000 1600 2000 2000 1200 1600 1600 1600 1600 1600 2000 
1200 2000 1600 1600 1600 2000 1200 1600 2000 1200 1200 2000 2000 1600 1600 2000 1600 2000 1200 2000 1600 1200 1600 0 1600 1600 1200 2000 1200 1600 1600 1200 2000 1600 1200 2000 2000 2000 1200 1600 2000 2000 2000 1200 1600 0 1600 1200 2000 1200 
1200 1600 1600 2000 2000 2000 1600 1600 1200 1600 2000 2000 1600 1600 1200 1200 1600 1600 1200 1200 1200 1200 1200 1600 0 1200 1200 1600 1600 1200 1200 2000 2000 0 1200 2000 1600 2000 2000 1600 1600 1200 1200 2000 1600 1200 1200 2000 1200 1200 
1600 1600 1200 1600 1600 1200 1200 1200 1200 2000 1200 1600 1200 2000 1200 1200 2000 2000 1200 2000 1600 1600 0 1600 1200 0 2000 2000 2000 1200 1200 2000 1600 1600 2000 2000 1200 2000 1600 2000 1200 1600 1600 2000 2000 1200 2000 2000 1600 2000 
1200 2000 1200 1600 1600 1600 1200 1600 1600 2000 1200 2000 1200 2000 2000 1600 1600 2000 1600 2000 1600 2000 1200 1200 1200 2000 0 2000 2000 2000 1200 2000 1600 1200 1200 1200 1600 1600 1200 1600 1200 1200 2000 1600 1200 2000 1200 1200 1600 2000 
2000 2000 1200 1600 1200 2000 1600 2000 2000 2000 2000 1600 1200 1600 1600 1200 1600 2000 1600 2000 2000 1200 1200 2000 1600 2000 2000 0 2000 2000 2000 1600 2000 2000 1600 2000 1200 1600 2000 1600 1200 2000 1600 2000 1200 1200 1600 2000 2000 2000 
2000 1600 1200 2000 1200 1200 1600 1600 1200 2000 1600 1600 1200 2000 1600 1200 2000 1600 1600 1200 1600 1600 1600 1200 1600 2000 2000 2000 0 2000 1600 2000 1200 1200 2000 1200 1600 1200 1600 2000 2000 2000 1600 2000 2000 1200 1200 1600 1600 2000 
1600 1200 1600 1200 2000 1600 1600 1200 2000 1200 1600 1200 2000 1200 1600 1600 1600 1200 2000 1200 1200 1200 1600 1600 1200 1200 2000 2000 2000 0 1200 1200 1600 2000 1600 1600 2000 1200 1600 2000 2000 2000 1600 2000 2000 1200 1200 1600 1600 1200 
1200 2000 1200 1600 2000 2000 1600 2000 1600 1200 1600 2000 1200 2000 1600 1200 1600 1600 2000 2000 1200 2000 2000 1600 1200 1200 1200 2000 1600 1200 0 2000 1200 1600 2000 2000 1600 1600 1200 1600 1600 1200 1600 1600 2000 1600 2000 1200 1200 1200 
1200 1200 1200 1600 2000 2000 2000 1600 1600 1200 1200 2000 1600 2000 2000 2000 2000 1200 1200 1600 1600 2000 2000 1200 2000 2000 2000 1600 2000 1200 2000 0 2000 1200 1600 2000 1600 2000 1200 1200 2000 1600 1600 1600 2000 1200 0 1600 1600 2000 
1200 2000 1200 2000 2000 2000 1600 1200 1200 2000 1200 2000 1600 1600 2000 1200 1200 2000 1600 1600 1200 1200 1200 2000 2000 1600 1600 2000 1200 1600 1200 2000 0 1600 1600 1600 1600 2000 2000 1600 2000 1200 1200 2000 1600 1600 1600 1200 1200 2000 
2000 1200 1600 2000 1200 1200 1600 1600 1200 1600 1200 1600 1200 1600 1200 1200 2000 1600 1600 1600 2000 2000 2000 1600 0 1600 1200 2000 1200 2000 1600 1200 1600 0 2000 1200 1600 2000 1600 1600 2000 1200 2000 1600 1200 2000 1200 2000 1200 1200 
1600 1200 2000 1200 2000 1600 2000 1600 1200 1600 2000 2000 1600 1200 2000 1200 2000 1200 1600 2000 1600 2000 1200 1200 1200 2000 1200 1600 2000 1600 2000 1600 1600 2000 0 1600 1600 2000 1600 2000 1600 1200 2000 2000 1200 2000 2000 2000 1200 2000 
1600 2000 1600 1200 1200 1200 2000 1600 2000 1200 2000 1600 1200 1600 1200 2000 2000 1200 2000 1600 1200 2000 1600 2000 2000 2000 1200 2000 1200 1600 2000 2000 1600 1200 1600 0 2000 1600 1200 1200 2000 1200 2000 1600 1200 1200 2000 1600 1600 2000 
2000 1200 1600 1200 1600 1600 1200 2000 2000 1600 2000 1200 1600 2000 2000 2000 2000 1200 2000 1200 2000 1600 1600 2000 1600 1200 1600 1200 1600 2000 1600 1600 1600 1600 1600 2000 0 2000 2000 2000 1200 1200 1200 1200 1600 2000 1600 1200 2000 2000 
1600 2000 1600 1600 1200 2000 1200 1600 2000 2000 2000 1200 1600 2000 1200 2000 2000 1600 2000 2000 1200 1600 1600 2000 2000 2000 1600 1600 1200 1200 1600 2000 2000 2000 2000 1600 2000 0 1600 2000 1600 1600 1600 2000 2000 1600 1600 1200 1600 2000 
1200 2000 2000 1200 1200 1200 1600 1600 1200 1200 1600 2000 1600 2000 1200 1200 1200 1600 1600 2000 2000 1200 2000 1200 2000 1600 1200 2000 1600 1600 1200 1200 2000 1600 1600 1200 2000 1600 0 2000 1600 1200 1200 1600 0 1600 1600 1200 1200 1600 
2000 2000 1200 1600 2000 1200 1200 1200 2000 2000 1200 1600 2000 1200 1200 1200 2000 1600 1600 1200 1600 2000 2000 1600 1600 2000 1600 1600 2000 2000 1600 1200 1600 1600 2000 1200 2000 2000 2000 0 2000 1200 1200 1600 1600 2000 1200 2000 2000 1200 
1600 2000 2000 1600 2000 1200 2000 1600 2000 2000 1200 1600 2000 2000 1200 1600 1200 1200 1200 1200 1200 2000 1600 2000 1600 1200 1200 1200 2000 2000 1600 2000 2000 2000 1600 2000 1200 1600 1600 2000 0 1200 2000 1600 1600 1600 1200 2000 1200 2000 
1200 2000 1200 1600 2000 2000 1200 1600 2000 2000 2000 1200 1600 2000 1200 1600 2000 1600 1200 1600 1200 1200 2000 2000 1200 1600 1200 2000 2000 2000 1200 1600 1200 1200 1200 1200 1200 1600 1200 1200 1200 0 1200 1600 1600 2000 1600 2000 1600 1200 
1600 1200 1200 2000 1600 1600 1600 2000 2000 1600 1200 2000 1600 1600 2000 1200 1200 1600 2000 1600 1600 1200 2000 2000 1200 1600 2000 1600 1600 1600 1600 1600 1200 2000 2000 2000 1200 1600 1200 1200 2000 1200 0 2000 2000 2000 1600 2000 1200 1600 
2000 1600 2000 1200 1600 1600 1600 2000 1600 1200 1200 2000 1200 2000 1200 1600 1600 2000 1200 1200 2000 2000 1200 1200 2000 2000 1600 2000 2000 2000 1600 1600 2000 1600 2000 1600 1200 2000 1600 1600 1600 1600 2000 0 1600 2000 1600 2000 1600 1200 
1600 1600 1600 2000 2000 1200 1600 2000 1600 2000 1200 1200 2000 1600 1200 1600 1200 2000 1200 1600 1600 2000 1600 1600 1600 2000 1200 1200 2000 2000 2000 2000 1600 1200 1200 1200 1600 2000 0 1600 1600 1600 2000 1600 0 1200 1600 2000 2000 1200 
1200 1200 2000 1600 1200 1600 1600 1600 1600 1600 1600 2000 2000 1200 1600 1600 2000 1200 2000 2000 1200 1200 1600 0 1200 1200 2000 1200 1200 1200 1600 1200 1600 2000 2000 1200 2000 1600 1600 2000 1600 2000 2000 2000 1200 0 1600 2000 2000 1600 
1200 1200 2000 1600 1200 1200 1200 1200 2000 2000 2000 1200 2000 1200 2000 1600 1600 1600 1200 1600 1200 1200 1600 1600 1200 2000 1200 1600 1200 1200 2000 0 1600 1200 2000 2000 1600 1600 1600 1200 1200 1600 1600 1600 1600 1600 0 2000 1200 1200 
1200 2000 1600 2000 1200 1600 2000 1600 1600 1200 2000 1200 2000 1600 1600 1200 2000 1200 1600 2000 1600 1600 1600 1200 2000 2000 1200 2000 1600 1600 1200 1600 1200 2000 2000 1600 1200 1200 1200 2000 2000 2000 2000 2000 2000 2000 2000 0 1200 1600 
2000 2000 1600 1200 1200 2000 1600 2000 1200 2000 1200 1600 1200 1600 1200 1200 2000 1600 1200 2000 2000 1200 1600 2000 1200 1600 1600 2000 1600 1600 1200 1600 1200 1200 1200 1600 2000 1600 1200 2000 1200 1600 1200 1600 2000 2000 1200 1200 0 1600 
2000 1200 2000 1200 2000 1200 2000 2000 1200 1200 1200 2000 2000 1200 1200 1600 2000 2000 1200 2000 1200 1200 2000 1200 1200 2000 2000 2000 2000 1200 1200 2000 2000 1200 2000 2000 2000 2000 1600 1200 2000 1200 1600 1200 1200 1600 1200 1600 1600 0 
