5 12 15 80
1.81 39.78 5.48 ;1.45 48.75 3.45 ;1.13 23.61 2.12 ;1.49 35.45 2.76 ;1.65 26.2 3.45 ;
1 9 10 100.0 13.0 4.777392583810862 4 5 3 2 1 
2 8 9 150.0 13.0 4.48386161846026 4 5 2 3 1 
3 5 8 50.0 13.0 2.5241780451920186 3 1 2 5 4 
4 6 3 150.0 13.0 4.058734088230789 4 5 3 2 1 
5 6 10 100.0 13.0 4.687150433924946 1 4 3 5 2 
6 12 8 50.0 13.0 1.6289115629063422 3 4 1 5 2 
7 11 10 50.0 13.0 1.3829379156593868 5 1 4 2 3 
8 9 4 150.0 13.0 2.7772136259303237 5 3 1 2 4 
9 11 7 50.0 13.0 3.738653325795591 5 4 2 3 1 
10 8 10 50.0 13.0 0.9586689816936933 3 1 5 2 4 
11 5 7 50.0 13.0 3.40087965294592 2 5 4 3 1 
12 6 13 50.0 13.0 3.9598522721484066 3 5 1 4 2 
0.44
8 160 26 ;0.53 
36 116 48000 ;5.52 
8 160 61 ;0.67 
32 640 60 ;1.68 
8 160 26 ;0.53 
8 160 61 ;0.67 
8 1600 61 ;1.71 
16 3200 122 ;3.41 
32 640 244 ;2.66 
32 640 244 ;2.66 
32 6400 244 ;6.82 
32 6400 244 ;6.82 
16 3200 122 ;3.41 
32 640 60 ;1.68 
16 3200 122 ;3.41 
0 0 0 1200 2000 1600 2000 1200 2000 1600 1200 1600 1200 2000 0 
0 0 1200 0 2000 1600 0 0 1200 0 2000 0 1600 1200 1200 
0 1200 0 2000 1200 2000 1200 0 1200 1200 0 0 1600 1600 0 
1200 0 2000 0 0 2000 1200 1600 1200 2000 1200 1200 0 1600 0 
2000 2000 1200 0 0 1200 2000 1600 1600 2000 2000 1600 0 1200 1600 
1600 1600 2000 2000 1200 0 1600 0 0 2000 1600 1200 1600 1600 1200 
2000 0 1200 1200 2000 1600 0 1200 0 1600 1600 0 1600 1200 0 
1200 0 0 1600 1600 0 1200 0 1600 2000 1600 1600 1200 1200 1200 
2000 1200 1200 1200 1600 0 0 1600 0 2000 1600 1600 2000 1200 1600 
1600 0 1200 2000 2000 2000 1600 2000 2000 0 2000 0 1600 2000 0 
1200 2000 0 1200 2000 1600 1600 1600 1600 2000 0 2000 1200 1600 0 
1600 0 0 1200 1600 1200 0 1600 1600 0 2000 0 1600 1200 2000 
1200 1600 1600 0 0 1600 1600 1200 2000 1600 1200 1600 0 0 1200 
2000 1200 1600 1600 1200 1600 1200 1200 1200 2000 1600 1200 0 0 2000 
0 1200 0 0 1600 1200 0 1200 1600 0 0 2000 1200 2000 0 
