5 15 15 80
1.81 39.78 5.48 ;1.45 48.75 3.45 ;1.13 23.61 2.12 ;1.49 35.45 2.76 ;1.65 26.2 3.45 ;
1 7 15 150.0 13.0 3.3046501604495147 1 4 5 3 2 
2 1 7 150.0 13.0 4.4943177817781885 2 1 5 3 4 
3 14 13 50.0 13.0 3.242794254486609 1 3 2 5 4 
4 8 8 100.0 13.0 1.5668920754502225 3 1 5 2 4 
5 10 6 50.0 13.0 1.3031150286193878 3 1 4 2 5 
6 11 12 100.0 13.0 4.025149148962566 4 3 2 5 1 
7 2 14 150.0 13.0 2.098890099749296 1 4 5 2 3 
8 14 3 50.0 13.0 2.0763176149826963 1 2 5 4 3 
9 10 5 100.0 13.0 0.05687578016008055 3 1 2 4 5 
10 3 9 50.0 13.0 3.906272622529287 5 4 3 1 2 
11 5 12 150.0 13.0 2.6539741213124213 2 3 4 5 1 
12 7 6 50.0 13.0 3.4508924198886586 3 1 5 4 2 
13 10 6 100.0 13.0 0.4090414351166666 1 2 4 3 5 
14 14 2 50.0 13.0 1.719356798429087 4 1 5 2 3 
15 6 14 50.0 13.0 1.1433796235872613 3 4 5 1 2 
0.44
8 160 26 ;0.53 
36 116 48000 ;5.52 
8 160 61 ;0.67 
32 640 60 ;1.68 
8 160 26 ;0.53 
8 160 61 ;0.67 
8 1600 61 ;1.71 
16 3200 122 ;3.41 
32 640 244 ;2.66 
32 640 244 ;2.66 
32 6400 244 ;6.82 
32 6400 244 ;6.82 
16 3200 122 ;3.41 
32 640 60 ;1.68 
16 3200 122 ;3.41 
0 0 0 1200 2000 1600 2000 1200 2000 1600 1200 1600 1200 2000 0 
0 0 1200 0 2000 1600 0 0 1200 0 2000 0 1600 1200 1200 
0 1200 0 2000 1200 2000 1200 0 1200 1200 0 0 1600 1600 0 
1200 0 2000 0 0 2000 1200 1600 1200 2000 1200 1200 0 1600 0 
2000 2000 1200 0 0 1200 2000 1600 1600 2000 2000 1600 0 1200 1600 
1600 1600 2000 2000 1200 0 1600 0 0 2000 1600 1200 1600 1600 1200 
2000 0 1200 1200 2000 1600 0 1200 0 1600 1600 0 1600 1200 0 
1200 0 0 1600 1600 0 1200 0 1600 2000 1600 1600 1200 1200 1200 
2000 1200 1200 1200 1600 0 0 1600 0 2000 1600 1600 2000 1200 1600 
1600 0 1200 2000 2000 2000 1600 2000 2000 0 2000 0 1600 2000 0 
1200 2000 0 1200 2000 1600 1600 1600 1600 2000 0 2000 1200 1600 0 
1600 0 0 1200 1600 1200 0 1600 1600 0 2000 0 1600 1200 2000 
1200 1600 1600 0 0 1600 1600 1200 2000 1600 1200 1600 0 0 1200 
2000 1200 1600 1600 1200 1600 1200 1200 1200 2000 1600 1200 0 0 2000 
0 1200 0 0 1600 1200 0 1200 1600 0 0 2000 1200 2000 0 
