6 3 8 27
3.53 10.1 9.06 ;1.57 16.8 12.69 ;3.32 16.39 11.46 ;2.11 20.16 12.77 ;4.83 5.65 3.97 ;3.84 10.48 5.43 ;
1 7 2 50.0 13.0 3.9139792848385566 4 5 3 2 1
2 1 3 100.0 13.0 3.9178199340082864 3 1 5 6 4
3 2 4 50.0 13.0 4.920004806631944 5 1 6 4 2
0.44
32 6400 244 ;6.82 
32 6400 244 ;6.82 
32 640 244 ;2.66 
32 640 60 ;1.68 
16 320 122 ;1.33 
32 640 60 ;1.68 
8 160 26 ;0.53 
36 116 48000 ;5.52 
0 1000 800 2000 900 730 1000 2000 
1000 0 800 800 1600 800 0 730 
800 800 0 600 730 430 730 900 
2000 800 600 0 860 730 1000 800 
900 1600 730 860 0 430 900 600 
730 800 430 730 430 0 800 510 
1000 0 730 1000 900 800 0 900 
2000 730 900 800 600 510 900 0 
