6 3 8 27
2.51 17.81 13.24 ;4.58 12.13 12.61 ;1.86 18.26 10.97 ;3.38 12.59 8.11 ;3.27 10.32 3.62 ;4.11 12.9 2.3 ;
1 7 1 50.0 13.0 4.296074063921625 6 5 1 3 4 
2 3 4 50.0 13.0 2.4787539025807237 6 4 2 3 1 
3 3 6 100.0 13.0 3.0988649510138395 1 4 3 5 2
0.44
8 160 15 ;0.42 
32 640 60 ;1.68  
16 320 30 ;0.84 
32 640 60 ;1.68 
8 160 15 ;0.42 
8 1600 61 ;1.71 
32 6400 244 ;6.82 
32 640 60 ;1.68 
0 1000 600 1000 800 2000 900 852 
1000 0 852 1600 900 1600 2000 730 
600 852 0 852 730 510 1600 1600 
1000 1600 852 0 600 900 730 860 
800 900 730 600 0 852 0 1000 
2000 1600 510 900 852 0 860 1600 
900 2000 1600 730 0 860 0 800 
852 730 1600 860 1000 1600 800 0 
