5 45 36 2
6 50 20 ;6 50 20 ;6 50 20 ;6 50 20 ;6 50 20 ;
1 36 31 200.0 -1.0 4.70236474714084 3 5 4 2 
2 24 27 150.0 -1.0 1.0690169523669262 2 4 5 3 1 
3 35 32 200.0 -1.0 3.0617611944270378 5 3 4 
4 35 27 150.0 -1.0 2.350015916180974 3 4 5 1 2 
5 34 32 50.0 -1.0 4.039515532169904 2 4 5 1 3 
6 22 27 150.0 -1.0 1.073004928914587 2 1 3 4 
7 22 27 150.0 -1.0 3.4449014711303736 5 1 3 
8 24 22 100.0 -1.0 1.3494481405799936 5 4 3 1 
9 31 27 200.0 -1.0 2.3274103585192014 5 2 1 
10 26 32 200.0 -1.0 2.420687368085042 4 2 5 
11 33 26 50.0 -1.0 4.341954907005484 4 2 1 3 5 
12 34 22 50.0 -1.0 1.6820866823684537 2 1 3 
13 34 24 50.0 -1.0 3.7348849840881004 4 5 3 2 
14 21 26 150.0 -1.0 4.687493926639527 4 5 1 
15 25 33 200.0 -1.0 0.7963485727148623 5 3 2 4 
16 25 23 100.0 -1.0 3.053520075975818 4 1 2 5 3 
17 31 28 100.0 -1.0 3.815878380934831 3 2 1 5 4 
18 36 28 150.0 -1.0 0.39459432991751087 2 5 3 1 
19 25 29 200.0 -1.0 2.9825370898899513 2 5 1 4 
20 30 25 50.0 -1.0 2.9910719395849683 2 4 5 3 1 
21 23 24 200.0 -1.0 0.14406415542841056 4 1 2 5 
22 22 33 150.0 -1.0 3.2785539978774976 3 5 2 1 
23 36 29 150.0 -1.0 2.6586828534556055 3 1 5 
24 35 24 200.0 -1.0 2.8855927929934873 5 4 2 
25 30 22 150.0 -1.0 3.0223025886308355 3 2 4 5 1 
26 29 23 100.0 -1.0 2.5343533538617096 2 4 3 
27 22 23 100.0 -1.0 1.3418483007014674 3 5 4 
28 33 25 100.0 -1.0 4.068558462545694 3 5 4 1 2 
29 27 36 100.0 -1.0 2.5597096221271327 3 4 2 1 
30 25 23 150.0 -1.0 3.9753350086314416 2 3 5 
31 26 35 150.0 -1.0 0.33203122906538096 2 1 5 
32 28 29 50.0 -1.0 3.7665420231834457 1 2 3 4 
33 34 24 50.0 -1.0 1.6174685827403819 4 3 1 2 5 
34 27 23 100.0 -1.0 4.56173569212792 1 3 5 4 
35 28 30 200.0 -1.0 3.9681760573220037 3 5 4 1 2 
36 29 21 200.0 -1.0 4.188790674824187 1 4 5 
37 36 33 50.0 -1.0 0.16905419903824215 4 1 3 5 
38 27 24 150.0 -1.0 4.798804758669717 1 4 3 
39 27 23 200.0 -1.0 0.20116654069279483 4 1 3 
40 22 31 50.0 -1.0 1.4632855260476747 3 5 1 4 2 
41 23 32 50.0 -1.0 4.555036881309008 2 5 3 1 
42 30 33 50.0 -1.0 3.255826039601602 2 1 5 
43 32 36 200.0 -1.0 3.140195356586051 1 4 2 5 3 
44 29 26 200.0 -1.0 0.5376248010289025 4 1 3 5 
45 31 36 100.0 -1.0 1.8127692122676993 3 1 4 
0.44
36 116 48000 ;5.52 
32 640 60 ;1.68 
32 640 60 ;1.68 
36 116 48000 ;5.52 
32 640 60 ;1.68 
36 116 48000 ;5.52 
32 640 244 ;2.66 
36 116 48000 ;5.52 
32 640 244 ;2.66 
32 640 244 ;2.66 
32 640 244 ;2.66 
36 116 48000 ;5.52 
36 116 48000 ;5.52 
32 640 60 ;1.68 
32 640 244 ;2.66 
36 116 48000 ;5.52 
32 640 60 ;1.68 
32 640 244 ;2.66 
32 640 244 ;2.66 
36 116 48000 ;5.52 
36 116 48000 ;5.52 
32 640 60 ;1.68 
36 116 48000 ;5.52 
36 116 48000 ;5.52 
32 640 244 ;2.66 
32 640 244 ;2.66 
36 116 48000 ;5.52 
32 640 60 ;1.68 
32 640 60 ;1.68 
32 640 244 ;2.66 
36 116 48000 ;5.52 
36 116 48000 ;5.52 
36 116 48000 ;5.52 
32 640 244 ;2.66 
32 640 244 ;2.66 
32 640 60 ;1.68 
0 0 0 0 1000 0 1000 0 1000 0 1000 0 0 0 0 0 0 0 0 0 0 0 0 0 0 0 0 0 0 0 0 0 0 0 0 0 
0 0 0 0 1000 0 1000 0 1000 0 1000 0 0 0 0 0 0 0 0 0 0 0 0 0 0 0 0 0 0 0 0 0 0 0 0 0 
0 0 0 0 0 1000 0 1000 0 1000 0 1000 0 0 0 0 0 0 0 0 0 0 0 0 0 0 0 0 0 0 0 0 0 0 0 0 
0 0 0 0 0 1000 0 1000 0 1000 0 1000 0 0 0 0 0 0 0 0 0 0 0 0 0 0 0 0 0 0 0 0 0 0 0 0 
0 0 0 0 0 0 0 0 0 0 0 0 500 500 0 0 0 0 0 0 0 0 0 0 0 0 0 0 0 0 0 0 0 0 0 0 
0 0 0 0 0 0 0 0 0 0 0 0 500 500 0 0 0 0 0 0 0 0 0 0 0 0 0 0 0 0 0 0 0 0 0 0 
0 0 0 0 0 0 0 0 0 0 0 0 0 0 500 500 0 0 0 0 0 0 0 0 0 0 0 0 0 0 0 0 0 0 0 0 
0 0 0 0 0 0 0 0 0 0 0 0 0 0 500 500 0 0 0 0 0 0 0 0 0 0 0 0 0 0 0 0 0 0 0 0 
0 0 0 0 0 0 0 0 0 0 0 0 0 0 0 0 500 500 0 0 0 0 0 0 0 0 0 0 0 0 0 0 0 0 0 0 
0 0 0 0 0 0 0 0 0 0 0 0 0 0 0 0 500 500 0 0 0 0 0 0 0 0 0 0 0 0 0 0 0 0 0 0 
0 0 0 0 0 0 0 0 0 0 0 0 0 0 0 0 0 0 500 500 0 0 0 0 0 0 0 0 0 0 0 0 0 0 0 0 
0 0 0 0 0 0 0 0 0 0 0 0 0 0 0 0 0 0 500 500 0 0 0 0 0 0 0 0 0 0 0 0 0 0 0 0 
0 0 0 0 0 0 0 0 0 0 0 0 0 0 0 0 0 0 0 0 5 5 0 0 0 0 0 0 0 0 0 0 0 0 0 0 
0 0 0 0 0 0 0 0 0 0 0 0 0 0 0 0 0 0 0 0 0 0 5 5 0 0 0 0 0 0 0 0 0 0 0 0 
0 0 0 0 0 0 0 0 0 0 0 0 0 0 0 0 0 0 0 0 0 0 0 0 5 5 0 0 0 0 0 0 0 0 0 0 
0 0 0 0 0 0 0 0 0 0 0 0 0 0 0 0 0 0 0 0 0 0 0 0 0 0 5 5 0 0 0 0 0 0 0 0 
0 0 0 0 0 0 0 0 0 0 0 0 0 0 0 0 0 0 0 0 0 0 0 0 0 0 0 0 5 5 0 0 0 0 0 0 
0 0 0 0 0 0 0 0 0 0 0 0 0 0 0 0 0 0 0 0 0 0 0 0 0 0 0 0 0 0 5 5 0 0 0 0 
0 0 0 0 0 0 0 0 0 0 0 0 0 0 0 0 0 0 0 0 0 0 0 0 0 0 0 0 0 0 0 0 5 5 0 0 
0 0 0 0 0 0 0 0 0 0 0 0 0 0 0 0 0 0 0 0 0 0 0 0 0 0 0 0 0 0 0 0 0 0 5 5 
0 0 0 0 0 0 0 0 0 0 0 0 0 0 0 0 0 0 0 0 0 0 0 0 0 0 0 0 0 0 0 0 0 0 0 0 
0 0 0 0 0 0 0 0 0 0 0 0 0 0 0 0 0 0 0 0 0 0 0 0 0 0 0 0 0 0 0 0 0 0 0 0 
0 0 0 0 0 0 0 0 0 0 0 0 0 0 0 0 0 0 0 0 0 0 0 0 0 0 0 0 0 0 0 0 0 0 0 0 
0 0 0 0 0 0 0 0 0 0 0 0 0 0 0 0 0 0 0 0 0 0 0 0 0 0 0 0 0 0 0 0 0 0 0 0 
0 0 0 0 0 0 0 0 0 0 0 0 0 0 0 0 0 0 0 0 0 0 0 0 0 0 0 0 0 0 0 0 0 0 0 0 
0 0 0 0 0 0 0 0 0 0 0 0 0 0 0 0 0 0 0 0 0 0 0 0 0 0 0 0 0 0 0 0 0 0 0 0 
0 0 0 0 0 0 0 0 0 0 0 0 0 0 0 0 0 0 0 0 0 0 0 0 0 0 0 0 0 0 0 0 0 0 0 0 
0 0 0 0 0 0 0 0 0 0 0 0 0 0 0 0 0 0 0 0 0 0 0 0 0 0 0 0 0 0 0 0 0 0 0 0 
0 0 0 0 0 0 0 0 0 0 0 0 0 0 0 0 0 0 0 0 0 0 0 0 0 0 0 0 0 0 0 0 0 0 0 0 
0 0 0 0 0 0 0 0 0 0 0 0 0 0 0 0 0 0 0 0 0 0 0 0 0 0 0 0 0 0 0 0 0 0 0 0 
0 0 0 0 0 0 0 0 0 0 0 0 0 0 0 0 0 0 0 0 0 0 0 0 0 0 0 0 0 0 0 0 0 0 0 0 
0 0 0 0 0 0 0 0 0 0 0 0 0 0 0 0 0 0 0 0 0 0 0 0 0 0 0 0 0 0 0 0 0 0 0 0 
0 0 0 0 0 0 0 0 0 0 0 0 0 0 0 0 0 0 0 0 0 0 0 0 0 0 0 0 0 0 0 0 0 0 0 0 
0 0 0 0 0 0 0 0 0 0 0 0 0 0 0 0 0 0 0 0 0 0 0 0 0 0 0 0 0 0 0 0 0 0 0 0 
0 0 0 0 0 0 0 0 0 0 0 0 0 0 0 0 0 0 0 0 0 0 0 0 0 0 0 0 0 0 0 0 0 0 0 0 
0 0 0 0 0 0 0 0 0 0 0 0 0 0 0 0 0 0 0 0 0 0 0 0 0 0 0 0 0 0 0 0 0 0 0 0 
