25
14 60 15 0.079
14 80 15 0.105
18 100 15 0.157
18 100 30 0.209
14 285 17 0.36
26 260 30 0.315
14 200 24 0.56
14 768 56 1.34
14 200 28 0.652
14 285 28 0.66
18 605 24 0.72
18 400 38 1.12
18 400 56 1.173
18 605 56 1.32
18 382 56 1.446
26 2000 117 1.32
18 382 56 1.173
26 800 112 2.111
18 1536 112 2.68
26 382 112 2.346
26 382 112 2.993
26 3072 224 5.36
62 6144 448 9.65
62 320 60 0.628
62 800 244 1.69
6 14 1 3 1
15 90 7 8 3 5 7 10 12 15 18 20
50 700 7 8 3 10 20 25 30 40 45 50
200 15670 7 8 30 40 50 60 70 80 90 100