5 25 30 88
1.46 18.78 1.46 ;1.14 12.41 1.3 ;1.71 29.93 2.43 ;1.15 35.01 1.49 ;1.63 48.29 2.55 ;
1 25 3 50.0 13.0 0.093443971885388 3 1 5 
2 12 10 50.0 13.0 2.8586429208365933 3 4 5 
3 17 3 50.0 13.0 3.8879996587456183 2 3 5 1 
4 2 12 50.0 13.0 3.073377173376139 4 3 
5 26 20 50.0 13.0 2.18975814175218 2 5 
6 12 17 50.0 13.0 2.22925813630747 5 2 4 3 1 
7 7 8 50.0 13.0 3.907131140992676 2 4 
8 17 27 100.0 13.0 2.3570895340814912 4 5 1 
9 16 18 50.0 13.0 4.792904183227858 4 5 1 2 
10 7 17 50.0 13.0 4.69277173047892 4 2 
11 21 10 100.0 13.0 0.41204358383946704 5 4 
12 18 5 50.0 13.0 4.442192623895892 4 5 1 3 2 
13 22 26 100.0 13.0 1.4463263654230196 3 4 2 
14 3 15 50.0 13.0 3.3909797927049077 1 3 4 5 2 
15 22 12 100.0 13.0 1.4070877284569705 2 1 5 4 
16 2 17 50.0 13.0 2.2967326125583836 1 4 5 3 2 
17 8 27 100.0 13.0 1.0220770475140344 1 3 2 5 
18 26 24 100.0 13.0 2.437770954939253 5 3 4 
19 30 25 50.0 13.0 2.505252240675721 1 4 5 3 2 
20 17 7 50.0 13.0 0.5017240899054415 4 2 3 
21 2 22 50.0 13.0 1.8118658229229978 4 2 5 1 3 
22 3 5 50.0 13.0 2.6979690661225746 1 2 3 
23 6 4 100.0 13.0 4.948377287598108 2 4 
24 5 19 100.0 13.0 2.790491787841298 4 1 3 
25 5 16 50.0 13.0 3.9088711456505125 1 3 2 
0.44
32 640 60 ;1.68 
8 160 61 ;0.67 
16 320 122 ;1.33 
16 24000 122 ;2.76 
16 320 30 ;0.84 
16 320 122 ;1.33 
32 640 60 ;1.68 
16 3200 122 ;3.41 
32 640 244 ;2.66 
36 116 48000 ;5.52 
36 116 48000 ;5.52 
16 320 30 ;0.84 
8 160 26 ;0.53 
16 320 122 ;1.33 
8 160 26 ;0.53 
8 160 15 ;0.42 
16 24000 122 ;2.76 
8 160 61 ;0.67 
8 1600 61 ;1.71 
32 6400 244 ;6.82 
8 160 15 ;0.42 
16 320 30 ;0.84 
8 1600 61 ;1.71 
16 320 122 ;1.33 
36 116 48000 ;5.52 
8 1600 61 ;1.71 
16 3200 122 ;3.41 
8 160 61 ;0.67 
8 160 15 ;0.42 
8 160 26 ;0.53 
0 0 0 0 0 0 0 1200 0 0 0 0 0 0 3000 0 0 0 1600 0 0 0 0 0 0 0 0 0 1600 0 
0 0 0 0 0 0 0 0 0 0 0 0 0 0 0 2000 0 0 0 0 0 0 0 0 0 0 0 1600 0 0 
0 0 0 0 0 0 0 0 0 0 0 1200 0 0 0 0 0 0 1600 0 0 0 0 0 0 0 0 0 0 0 
0 0 0 0 0 0 0 0 0 0 0 1600 0 0 0 0 0 1200 0 0 0 0 0 0 0 1200 0 0 0 0 
0 3000 0 0 0 0 0 0 0 0 0 0 0 0 0 0 0 0 0 0 0 0 0 0 0 0 0 0 0 0 
0 0 0 0 0 0 0 0 0 1200 0 0 0 0 0 0 0 0 0 0 0 0 0 0 0 0 0 0 0 0 
0 0 0 0 0 1200 0 0 0 1600 3000 0 1600 0 0 0 0 0 0 2000 0 0 0 0 0 0 0 0 0 0 
0 2000 0 0 0 0 0 0 0 0 0 0 0 0 0 0 0 0 0 0 1600 0 0 0 0 0 0 0 0 0 
0 0 0 0 0 0 0 0 0 0 0 0 0 1200 2000 3000 2000 0 0 0 0 0 0 0 0 0 0 3000 0 0 
0 0 0 0 0 0 0 0 0 0 0 1600 0 2000 0 0 0 0 0 0 0 0 0 0 0 0 0 0 0 0 
0 0 0 0 0 0 0 0 0 0 0 0 2000 0 2000 0 0 0 0 0 0 0 0 0 0 0 2000 0 0 1600 
0 1600 0 0 2000 0 0 0 0 0 3000 0 0 0 0 0 1200 0 0 1200 0 0 0 0 0 0 0 0 3000 0 
0 0 2000 0 1600 0 0 0 0 0 0 0 0 0 0 0 0 0 0 0 0 0 0 0 0 0 0 0 3000 0 
0 0 0 0 0 0 0 0 0 0 0 0 0 0 0 0 0 0 0 0 0 0 0 0 0 0 0 0 0 0 
0 0 0 0 0 3000 0 0 0 0 1600 0 0 0 0 2000 0 0 2000 0 0 0 0 0 0 0 0 0 0 0 
0 2000 0 0 0 0 0 0 0 0 0 0 0 0 0 0 0 0 0 0 1200 0 3000 0 0 0 0 0 0 1200 
0 0 0 0 0 0 0 0 1600 0 0 0 0 0 0 0 0 0 0 2000 0 0 0 3000 0 0 0 0 0 0 
0 0 0 0 2000 0 0 0 0 0 0 0 0 0 0 0 0 0 0 0 0 0 0 0 3000 0 0 0 0 0 
0 0 0 0 0 0 1600 0 0 0 0 0 0 0 0 0 3000 0 0 0 1200 0 0 0 0 0 0 0 0 0 
0 0 0 0 0 0 0 0 0 0 0 0 0 0 0 0 0 0 0 0 2000 0 1600 2000 0 0 0 0 0 0 
0 0 0 0 0 0 0 0 0 0 0 0 1600 0 0 0 0 0 0 0 0 0 0 0 0 0 2000 0 0 0 
0 0 0 0 0 0 0 0 0 0 0 0 0 0 0 1600 0 0 0 0 3000 0 0 0 0 0 0 1600 0 0 
0 0 0 0 1200 0 0 0 0 0 0 0 0 0 0 0 0 0 1200 1600 0 0 0 0 0 2000 0 0 2000 0 
0 0 0 0 0 0 0 1600 0 0 0 0 0 0 0 0 0 0 0 0 2000 0 0 0 0 0 0 2000 1600 0 
0 0 0 0 3000 0 0 0 0 0 0 0 0 0 0 1600 0 0 0 0 0 0 0 0 0 0 0 0 0 0 
1600 0 0 0 0 0 0 0 3000 0 0 0 0 0 0 0 0 0 0 0 0 0 0 0 0 0 1200 0 0 0 
0 0 0 0 0 0 0 3000 0 0 0 0 0 0 0 0 0 0 0 0 0 0 0 0 0 0 0 0 0 0 
0 0 0 0 0 1600 0 0 0 2000 0 0 0 0 0 0 0 0 0 0 0 0 0 0 0 0 0 0 0 0 
0 0 0 0 0 0 0 3000 0 2000 1600 0 0 0 0 0 0 0 0 0 0 0 0 0 0 3000 0 0 0 0 
0 0 0 0 0 0 1200 0 0 0 0 0 0 0 0 0 0 0 0 0 0 1600 0 0 0 0 0 0 1600 0 
