5 15 30 88
1.46 18.78 1.46 ;1.14 12.41 1.3 ;1.71 29.93 2.43 ;1.15 35.01 1.49 ;1.63 48.29 2.55 ;
1 24 15 50.0 13.0 1.9704938622628227 5 2 4 1 
2 9 5 50.0 13.0 1.45553547274333 4 1 2 3 
3 7 2 50.0 13.0 4.2127489752549305 4 1 3 
4 11 16 50.0 13.0 0.2891993911622587 2 3 
5 19 5 50.0 13.0 0.19593991082472006 3 5 4 2 1 
6 3 6 100.0 13.0 0.10710464222226046 4 3 5 2 
7 7 29 100.0 13.0 3.5893093805172773 4 2 
8 18 2 50.0 13.0 1.692102098240797 5 1 
9 13 22 100.0 13.0 0.552608561206186 1 4 
10 10 30 100.0 13.0 4.503090864525892 4 3 1 
11 12 13 100.0 13.0 1.0554165023219797 1 5 3 4 2 
12 25 8 50.0 13.0 1.3355345235983185 2 5 1 4 
13 30 18 50.0 13.0 1.7226410454155028 3 5 2 4 
14 2 22 100.0 13.0 0.9758676685928241 1 4 
15 18 5 50.0 13.0 1.7108941859181819 4 1 
0.44
32 640 60 ;1.68 
8 160 61 ;0.67 
16 320 122 ;1.33 
16 24000 122 ;2.76 
16 320 30 ;0.84 
16 320 122 ;1.33 
32 640 60 ;1.68 
16 3200 122 ;3.41 
32 640 244 ;2.66 
36 116 48000 ;5.52 
36 116 48000 ;5.52 
16 320 30 ;0.84 
8 160 26 ;0.53 
16 320 122 ;1.33 
8 160 26 ;0.53 
8 160 15 ;0.42 
16 24000 122 ;2.76 
8 160 61 ;0.67 
8 1600 61 ;1.71 
32 6400 244 ;6.82 
8 160 15 ;0.42 
16 320 30 ;0.84 
8 1600 61 ;1.71 
16 320 122 ;1.33 
36 116 48000 ;5.52 
8 1600 61 ;1.71 
16 3200 122 ;3.41 
8 160 61 ;0.67 
8 160 15 ;0.42 
8 160 26 ;0.53 
0 0 0 0 0 0 0 1200 0 0 0 0 0 0 3000 0 0 0 1600 0 0 0 0 0 0 0 0 0 1600 0 
0 0 0 0 0 0 0 0 0 0 0 0 0 0 0 2000 0 0 0 0 0 0 0 0 0 0 0 1600 0 0 
0 0 0 0 0 0 0 0 0 0 0 1200 0 0 0 0 0 0 1600 0 0 0 0 0 0 0 0 0 0 0 
0 0 0 0 0 0 0 0 0 0 0 1600 0 0 0 0 0 1200 0 0 0 0 0 0 0 1200 0 0 0 0 
0 3000 0 0 0 0 0 0 0 0 0 0 0 0 0 0 0 0 0 0 0 0 0 0 0 0 0 0 0 0 
0 0 0 0 0 0 0 0 0 1200 0 0 0 0 0 0 0 0 0 0 0 0 0 0 0 0 0 0 0 0 
0 0 0 0 0 1200 0 0 0 1600 3000 0 1600 0 0 0 0 0 0 2000 0 0 0 0 0 0 0 0 0 0 
0 2000 0 0 0 0 0 0 0 0 0 0 0 0 0 0 0 0 0 0 1600 0 0 0 0 0 0 0 0 0 
0 0 0 0 0 0 0 0 0 0 0 0 0 1200 2000 3000 2000 0 0 0 0 0 0 0 0 0 0 3000 0 0 
0 0 0 0 0 0 0 0 0 0 0 1600 0 2000 0 0 0 0 0 0 0 0 0 0 0 0 0 0 0 0 
0 0 0 0 0 0 0 0 0 0 0 0 2000 0 2000 0 0 0 0 0 0 0 0 0 0 0 2000 0 0 1600 
0 1600 0 0 2000 0 0 0 0 0 3000 0 0 0 0 0 1200 0 0 1200 0 0 0 0 0 0 0 0 3000 0 
0 0 2000 0 1600 0 0 0 0 0 0 0 0 0 0 0 0 0 0 0 0 0 0 0 0 0 0 0 3000 0 
0 0 0 0 0 0 0 0 0 0 0 0 0 0 0 0 0 0 0 0 0 0 0 0 0 0 0 0 0 0 
0 0 0 0 0 3000 0 0 0 0 1600 0 0 0 0 2000 0 0 2000 0 0 0 0 0 0 0 0 0 0 0 
0 2000 0 0 0 0 0 0 0 0 0 0 0 0 0 0 0 0 0 0 1200 0 3000 0 0 0 0 0 0 1200 
0 0 0 0 0 0 0 0 1600 0 0 0 0 0 0 0 0 0 0 2000 0 0 0 3000 0 0 0 0 0 0 
0 0 0 0 2000 0 0 0 0 0 0 0 0 0 0 0 0 0 0 0 0 0 0 0 3000 0 0 0 0 0 
0 0 0 0 0 0 1600 0 0 0 0 0 0 0 0 0 3000 0 0 0 1200 0 0 0 0 0 0 0 0 0 
0 0 0 0 0 0 0 0 0 0 0 0 0 0 0 0 0 0 0 0 2000 0 1600 2000 0 0 0 0 0 0 
0 0 0 0 0 0 0 0 0 0 0 0 1600 0 0 0 0 0 0 0 0 0 0 0 0 0 2000 0 0 0 
0 0 0 0 0 0 0 0 0 0 0 0 0 0 0 1600 0 0 0 0 3000 0 0 0 0 0 0 1600 0 0 
0 0 0 0 1200 0 0 0 0 0 0 0 0 0 0 0 0 0 1200 1600 0 0 0 0 0 2000 0 0 2000 0 
0 0 0 0 0 0 0 1600 0 0 0 0 0 0 0 0 0 0 0 0 2000 0 0 0 0 0 0 2000 1600 0 
0 0 0 0 3000 0 0 0 0 0 0 0 0 0 0 1600 0 0 0 0 0 0 0 0 0 0 0 0 0 0 
1600 0 0 0 0 0 0 0 3000 0 0 0 0 0 0 0 0 0 0 0 0 0 0 0 0 0 1200 0 0 0 
0 0 0 0 0 0 0 3000 0 0 0 0 0 0 0 0 0 0 0 0 0 0 0 0 0 0 0 0 0 0 
0 0 0 0 0 1600 0 0 0 2000 0 0 0 0 0 0 0 0 0 0 0 0 0 0 0 0 0 0 0 0 
0 0 0 0 0 0 0 3000 0 2000 1600 0 0 0 0 0 0 0 0 0 0 0 0 0 0 3000 0 0 0 0 
0 0 0 0 0 0 1200 0 0 0 0 0 0 0 0 0 0 0 0 0 0 1600 0 0 0 0 0 0 1600 0 
