5 20 30 88
1.46 18.78 1.46 ;1.14 12.41 1.3 ;1.71 29.93 2.43 ;1.15 35.01 1.49 ;1.63 48.29 2.55 ;
1 28 8 50.0 13.0 0.7527439576150324 3 1 
2 22 28 50.0 13.0 1.0022294376073355 2 3 4 5 
3 15 20 100.0 13.0 0.9636639440512024 1 3 2 4 5 
4 2 12 50.0 13.0 0.22635771263107618 4 3 
5 29 9 50.0 13.0 2.3167912110810436 3 5 1 4 
6 20 21 100.0 13.0 2.8274391454412373 1 4 3 2 5 
7 24 6 100.0 13.0 4.317637893748597 4 2 3 5 
8 8 20 50.0 13.0 0.24970683169969532 3 1 
9 10 2 50.0 13.0 2.7728575270441325 3 1 4 
10 17 20 50.0 13.0 2.567190167428544 1 4 3 2 5 
11 17 26 100.0 13.0 4.579599734137628 2 1 3 
12 15 27 100.0 13.0 0.07770480785289302 4 2 
13 14 2 50.0 13.0 4.552552796610838 1 5 3 4 
14 26 7 50.0 13.0 3.6773999716041788 2 5 3 
15 28 9 100.0 13.0 0.710388103773042 2 4 
16 30 6 100.0 13.0 1.1930391975275767 2 5 
17 30 4 100.0 13.0 0.09652996801188918 1 2 4 3 5 
18 11 22 100.0 13.0 0.6679617828713164 4 5 2 3 
19 23 17 50.0 13.0 3.424581586044191 1 2 4 3 5 
20 30 17 50.0 13.0 2.8697958392220917 1 4 
0.44
32 640 60 ;1.68 
8 160 61 ;0.67 
16 320 122 ;1.33 
16 24000 122 ;2.76 
16 320 30 ;0.84 
16 320 122 ;1.33 
32 640 60 ;1.68 
16 3200 122 ;3.41 
32 640 244 ;2.66 
36 116 48000 ;5.52 
36 116 48000 ;5.52 
16 320 30 ;0.84 
8 160 26 ;0.53 
16 320 122 ;1.33 
8 160 26 ;0.53 
8 160 15 ;0.42 
16 24000 122 ;2.76 
8 160 61 ;0.67 
8 1600 61 ;1.71 
32 6400 244 ;6.82 
8 160 15 ;0.42 
16 320 30 ;0.84 
8 1600 61 ;1.71 
16 320 122 ;1.33 
36 116 48000 ;5.52 
8 1600 61 ;1.71 
16 3200 122 ;3.41 
8 160 61 ;0.67 
8 160 15 ;0.42 
8 160 26 ;0.53 
0 0 0 0 0 0 0 1200 0 0 0 0 0 0 3000 0 0 0 1600 0 0 0 0 0 0 0 0 0 1600 0 
0 0 0 0 0 0 0 0 0 0 0 0 0 0 0 2000 0 0 0 0 0 0 0 0 0 0 0 1600 0 0 
0 0 0 0 0 0 0 0 0 0 0 1200 0 0 0 0 0 0 1600 0 0 0 0 0 0 0 0 0 0 0 
0 0 0 0 0 0 0 0 0 0 0 1600 0 0 0 0 0 1200 0 0 0 0 0 0 0 1200 0 0 0 0 
0 3000 0 0 0 0 0 0 0 0 0 0 0 0 0 0 0 0 0 0 0 0 0 0 0 0 0 0 0 0 
0 0 0 0 0 0 0 0 0 1200 0 0 0 0 0 0 0 0 0 0 0 0 0 0 0 0 0 0 0 0 
0 0 0 0 0 1200 0 0 0 1600 3000 0 1600 0 0 0 0 0 0 2000 0 0 0 0 0 0 0 0 0 0 
0 2000 0 0 0 0 0 0 0 0 0 0 0 0 0 0 0 0 0 0 1600 0 0 0 0 0 0 0 0 0 
0 0 0 0 0 0 0 0 0 0 0 0 0 1200 2000 3000 2000 0 0 0 0 0 0 0 0 0 0 3000 0 0 
0 0 0 0 0 0 0 0 0 0 0 1600 0 2000 0 0 0 0 0 0 0 0 0 0 0 0 0 0 0 0 
0 0 0 0 0 0 0 0 0 0 0 0 2000 0 2000 0 0 0 0 0 0 0 0 0 0 0 2000 0 0 1600 
0 1600 0 0 2000 0 0 0 0 0 3000 0 0 0 0 0 1200 0 0 1200 0 0 0 0 0 0 0 0 3000 0 
0 0 2000 0 1600 0 0 0 0 0 0 0 0 0 0 0 0 0 0 0 0 0 0 0 0 0 0 0 3000 0 
0 0 0 0 0 0 0 0 0 0 0 0 0 0 0 0 0 0 0 0 0 0 0 0 0 0 0 0 0 0 
0 0 0 0 0 3000 0 0 0 0 1600 0 0 0 0 2000 0 0 2000 0 0 0 0 0 0 0 0 0 0 0 
0 2000 0 0 0 0 0 0 0 0 0 0 0 0 0 0 0 0 0 0 1200 0 3000 0 0 0 0 0 0 1200 
0 0 0 0 0 0 0 0 1600 0 0 0 0 0 0 0 0 0 0 2000 0 0 0 3000 0 0 0 0 0 0 
0 0 0 0 2000 0 0 0 0 0 0 0 0 0 0 0 0 0 0 0 0 0 0 0 3000 0 0 0 0 0 
0 0 0 0 0 0 1600 0 0 0 0 0 0 0 0 0 3000 0 0 0 1200 0 0 0 0 0 0 0 0 0 
0 0 0 0 0 0 0 0 0 0 0 0 0 0 0 0 0 0 0 0 2000 0 1600 2000 0 0 0 0 0 0 
0 0 0 0 0 0 0 0 0 0 0 0 1600 0 0 0 0 0 0 0 0 0 0 0 0 0 2000 0 0 0 
0 0 0 0 0 0 0 0 0 0 0 0 0 0 0 1600 0 0 0 0 3000 0 0 0 0 0 0 1600 0 0 
0 0 0 0 1200 0 0 0 0 0 0 0 0 0 0 0 0 0 1200 1600 0 0 0 0 0 2000 0 0 2000 0 
0 0 0 0 0 0 0 1600 0 0 0 0 0 0 0 0 0 0 0 0 2000 0 0 0 0 0 0 2000 1600 0 
0 0 0 0 3000 0 0 0 0 0 0 0 0 0 0 1600 0 0 0 0 0 0 0 0 0 0 0 0 0 0 
1600 0 0 0 0 0 0 0 3000 0 0 0 0 0 0 0 0 0 0 0 0 0 0 0 0 0 1200 0 0 0 
0 0 0 0 0 0 0 3000 0 0 0 0 0 0 0 0 0 0 0 0 0 0 0 0 0 0 0 0 0 0 
0 0 0 0 0 1600 0 0 0 2000 0 0 0 0 0 0 0 0 0 0 0 0 0 0 0 0 0 0 0 0 
0 0 0 0 0 0 0 3000 0 2000 1600 0 0 0 0 0 0 0 0 0 0 0 0 0 0 3000 0 0 0 0 
0 0 0 0 0 0 1200 0 0 0 0 0 0 0 0 0 0 0 0 0 0 1600 0 0 0 0 0 0 1600 0 
