5 25 30 88
0.1 1 1.2 ;0.1 2 5 ;0.3 6 2 ;0.2 5 1.2 ;0.1 3 5 ;
1 16 10 50.0 13.0 3.61468058652529 5 2 
2 18 11 50.0 13.0 3.3129046262818655 4 1 2 3 
3 29 19 100.0 13.0 4.045327422593734 2 1 3 4 5 
4 28 13 100.0 13.0 3.2228637804544444 2 3 
5 13 24 50.0 13.0 0.5315612067483089 3 4 
6 25 14 100.0 13.0 4.799400031187356 2 1 3 
7 21 13 50.0 13.0 4.618927954946243 4 3 5 1 2 
8 24 3 50.0 13.0 1.7111860264552547 4 1 3 
9 8 9 50.0 13.0 3.2907100520259243 5 1 4 2 
10 20 6 100.0 13.0 4.552250101024023 4 3 2 5 1 
11 30 23 50.0 13.0 2.330440178500035 2 5 3 
12 21 14 50.0 13.0 2.460552802649798 3 5 4 1 2 
13 1 7 100.0 13.0 4.330310011260469 3 2 
14 12 3 100.0 13.0 3.476242050136858 5 2 
15 11 12 50.0 13.0 0.368165701874712 5 4 
16 16 22 50.0 13.0 0.9420936569652544 5 3 4 2 
17 13 10 100.0 13.0 1.2262182631181084 4 1 
18 22 17 50.0 13.0 2.4655913965699714 2 5 
19 26 16 100.0 13.0 2.054717549400769 4 3 1 5 2 
20 4 25 50.0 13.0 2.75936057679493 5 1 2 3 4 
21 30 12 50.0 13.0 3.340898320321843 3 5 1 2 
22 7 16 100.0 13.0 3.325629494522568 5 2 4 3 
23 13 6 100.0 13.0 4.247305122749419 4 1 2 5 3 
24 21 8 100.0 13.0 1.2996975993781872 1 5 3 4 2 
25 25 7 100.0 13.0 4.339216329541348 5 1 4 
0.44
32 6400 244 ;6.82 
16 24000 122 ;2.76 
16 320 30 ;0.84 
8 160 61 ;0.67 
32 6400 244 ;6.82 
16 24000 122 ;2.76 
16 320 122 ;1.33 
8 1600 61 ;1.71 
8 1600 61 ;1.71 
8 160 15 ;0.42 
32 6400 244 ;6.82 
36 116 48000 ;5.52 
32 640 60 ;1.68 
16 320 122 ;1.33 
32 640 244 ;2.66 
36 116 48000 ;5.52 
16 24000 122 ;2.76 
32 640 244 ;2.66 
8 1600 61 ;1.71 
32 640 244 ;2.66 
32 640 60 ;1.68 
32 640 244 ;2.66 
8 160 26 ;0.53 
32 6400 244 ;6.82 
16 3200 122 ;3.41 
8 160 61 ;0.67 
36 116 48000 ;5.52 
8 1600 61 ;1.71 
32 6400 244 ;6.82 
16 24000 122 ;2.76 
0 0 0 0 0 0 0 1600 0 0 0 0 0 0 1600 0 0 0 5000 0 0 0 0 0 0 0 0 0 2000 0 
0 0 0 0 0 0 0 0 0 0 0 0 0 0 0 1600 0 0 0 0 0 0 0 0 0 0 0 2000 0 0 
0 0 0 0 0 0 0 0 0 0 0 3000 0 0 0 0 0 0 1200 0 0 0 0 0 0 0 0 0 0 0 
0 0 0 0 0 0 0 0 0 0 0 3000 0 0 0 0 0 3000 0 0 0 0 0 0 0 5000 0 0 0 0 
0 1200 0 0 0 0 0 0 0 0 0 0 0 0 0 0 0 0 0 0 0 0 0 0 0 0 0 0 0 0 
0 0 0 0 0 0 0 0 0 3000 0 0 0 0 0 0 0 0 0 0 0 0 0 0 0 0 0 0 0 0 
0 0 0 0 0 3000 0 0 0 1200 5000 0 3000 0 0 0 0 0 0 2000 0 0 0 0 0 0 0 0 0 0 
0 5000 0 0 0 0 0 0 0 0 0 0 0 0 0 0 0 0 0 0 3000 0 0 0 0 0 0 0 0 0 
0 0 0 0 0 0 0 0 0 0 0 0 0 1600 1600 1200 2000 0 0 0 0 0 0 0 0 0 0 2000 0 0 
0 0 0 0 0 0 0 0 0 0 0 3000 0 1200 0 0 0 0 0 0 0 0 0 0 0 0 0 0 0 0 
0 0 0 0 0 0 0 0 0 0 0 0 1600 0 5000 0 0 0 0 0 0 0 0 0 0 0 1600 0 0 1600 
0 3000 0 0 5000 0 0 0 0 0 2000 0 0 0 0 0 5000 0 0 1200 0 0 0 0 0 0 0 0 3000 0 
0 0 5000 0 3000 0 0 0 0 0 0 0 0 0 0 0 0 0 0 0 0 0 0 0 0 0 0 0 1600 0 
0 0 0 0 0 0 0 0 0 0 0 0 0 0 0 0 0 0 0 0 0 0 0 0 0 0 0 0 0 0 
0 0 0 0 0 3000 0 0 0 0 1600 0 0 0 0 5000 0 0 1600 0 0 0 0 0 0 0 0 0 0 0 
0 1200 0 0 0 0 0 0 0 0 0 0 0 0 0 0 0 0 0 0 5000 0 1600 0 0 0 0 0 0 2000 
0 0 0 0 0 0 0 0 5000 0 0 0 0 0 0 0 0 0 0 3000 0 0 0 5000 0 0 0 0 0 0 
0 0 0 0 3000 0 0 0 0 0 0 0 0 0 0 0 0 0 0 0 0 0 0 0 1200 0 0 0 0 0 
0 0 0 0 0 0 2000 0 0 0 0 0 0 0 0 0 1600 0 0 0 1600 0 0 0 0 0 0 0 0 0 
0 0 0 0 0 0 0 0 0 0 0 0 0 0 0 0 0 0 0 0 1200 0 5000 5000 0 0 0 0 0 0 
0 0 0 0 0 0 0 0 0 0 0 0 5000 0 0 0 0 0 0 0 0 0 0 0 0 0 3000 0 0 0 
0 0 0 0 0 0 0 0 0 0 0 0 0 0 0 2000 0 0 0 0 2000 0 0 0 0 0 0 5000 0 0 
0 0 0 0 2000 0 0 0 0 0 0 0 0 0 0 0 0 0 3000 1200 0 0 0 0 0 1600 0 0 2000 0 
0 0 0 0 0 0 0 1600 0 0 0 0 0 0 0 0 0 0 0 0 5000 0 0 0 0 0 0 5000 1200 0 
0 0 0 0 5000 0 0 0 0 0 0 0 0 0 0 2000 0 0 0 0 0 0 0 0 0 0 0 0 0 0 
1600 0 0 0 0 0 0 0 1600 0 0 0 0 0 0 0 0 0 0 0 0 0 0 0 0 0 1200 0 0 0 
0 0 0 0 0 0 0 3000 0 0 0 0 0 0 0 0 0 0 0 0 0 0 0 0 0 0 0 0 0 0 
0 0 0 0 0 5000 0 0 0 3000 0 0 0 0 0 0 0 0 0 0 0 0 0 0 0 0 0 0 0 0 
0 0 0 0 0 0 0 5000 0 1200 2000 0 0 0 0 0 0 0 0 0 0 0 0 0 0 5000 0 0 0 0 
0 0 0 0 0 0 1200 0 0 0 0 0 0 0 0 0 0 0 0 0 0 1200 0 0 0 0 0 0 1200 0 
