5 40 30 88
0.1 1 1.2 ;0.1 2 5 ;0.3 6 2 ;0.2 5 1.2 ;0.1 3 5 ;
1 23 11 100.0 13.0 4.590868209271235 3 2 5 4 
2 25 3 50.0 13.0 4.931461257070153 3 2 1 5 4 
3 7 14 50.0 13.0 0.8740397953860429 1 2 
4 7 15 50.0 13.0 1.7986959801436908 1 4 2 5 
5 23 1 100.0 13.0 2.5367813991500614 4 2 3 5 
6 27 9 50.0 13.0 3.46973460979287 4 2 3 1 
7 27 12 50.0 13.0 1.7605772906749912 5 2 4 1 
8 22 9 50.0 13.0 4.71588183010645 1 4 5 2 3 
9 26 19 100.0 13.0 4.540031529359406 1 5 
10 5 27 50.0 13.0 4.111317088641126 1 4 
11 9 5 100.0 13.0 2.6702061842906177 1 3 4 
12 8 16 50.0 13.0 4.435209016864176 2 1 4 5 3 
13 18 7 100.0 13.0 2.572510427946707 4 1 2 3 5 
14 27 14 50.0 13.0 3.1924058323867186 5 2 3 1 4 
15 26 6 100.0 13.0 4.453243026114897 4 2 3 1 5 
16 3 14 100.0 13.0 1.4119646885234838 4 5 3 2 1 
17 20 24 100.0 13.0 3.1804285243637236 2 3 5 1 4 
18 2 1 50.0 13.0 1.4957300268138585 1 2 4 3 5 
19 27 19 50.0 13.0 2.0258073830474297 4 1 3 5 
20 4 13 50.0 13.0 0.9612836744290199 4 5 3 1 2 
21 17 1 100.0 13.0 3.268406607875157 4 2 3 5 1 
22 15 1 100.0 13.0 3.531293239640176 2 4 3 1 
23 24 13 100.0 13.0 1.2303764166125453 5 3 2 
24 11 26 100.0 13.0 3.099297089413212 1 2 4 3 5 
25 10 14 50.0 13.0 2.663005184421608 3 4 1 
26 22 11 100.0 13.0 4.304745151819756 3 2 4 5 1 
27 2 16 50.0 13.0 3.366831160153713 1 4 3 5 2 
28 6 14 100.0 13.0 3.184839953660912 2 3 1 4 
29 27 11 100.0 13.0 4.147126195736255 4 5 1 3 2 
30 25 17 100.0 13.0 0.08735297745424808 2 3 
31 23 24 50.0 13.0 4.5843575109798875 2 5 4 1 
32 17 13 50.0 13.0 1.14498485238776 3 5 4 1 2 
33 25 1 100.0 13.0 1.3008129803325978 1 4 3 
34 3 10 100.0 13.0 1.419379508718801 3 2 4 
35 13 14 100.0 13.0 1.09584907173375 4 5 
36 24 10 50.0 13.0 2.0826492125741423 3 5 
37 13 29 50.0 13.0 4.886664091026049 4 2 3 
38 2 21 50.0 13.0 2.09040661596212 1 2 3 
39 13 21 50.0 13.0 1.406982497685202 2 1 4 3 
40 12 14 100.0 13.0 3.358288257520633 3 1 5 2 4 
0.44
32 6400 244 ;6.82 
16 24000 122 ;2.76 
16 320 30 ;0.84 
8 160 61 ;0.67 
32 6400 244 ;6.82 
16 24000 122 ;2.76 
16 320 122 ;1.33 
8 1600 61 ;1.71 
8 1600 61 ;1.71 
8 160 15 ;0.42 
32 6400 244 ;6.82 
36 116 48000 ;5.52 
32 640 60 ;1.68 
16 320 122 ;1.33 
32 640 244 ;2.66 
36 116 48000 ;5.52 
16 24000 122 ;2.76 
32 640 244 ;2.66 
8 1600 61 ;1.71 
32 640 244 ;2.66 
32 640 60 ;1.68 
32 640 244 ;2.66 
8 160 26 ;0.53 
32 6400 244 ;6.82 
16 3200 122 ;3.41 
8 160 61 ;0.67 
36 116 48000 ;5.52 
8 1600 61 ;1.71 
32 6400 244 ;6.82 
16 24000 122 ;2.76 
0 0 0 0 0 0 0 1600 0 0 0 0 0 0 1600 0 0 0 5000 0 0 0 0 0 0 0 0 0 2000 0 
0 0 0 0 0 0 0 0 0 0 0 0 0 0 0 1600 0 0 0 0 0 0 0 0 0 0 0 2000 0 0 
0 0 0 0 0 0 0 0 0 0 0 3000 0 0 0 0 0 0 1200 0 0 0 0 0 0 0 0 0 0 0 
0 0 0 0 0 0 0 0 0 0 0 3000 0 0 0 0 0 3000 0 0 0 0 0 0 0 5000 0 0 0 0 
0 1200 0 0 0 0 0 0 0 0 0 0 0 0 0 0 0 0 0 0 0 0 0 0 0 0 0 0 0 0 
0 0 0 0 0 0 0 0 0 3000 0 0 0 0 0 0 0 0 0 0 0 0 0 0 0 0 0 0 0 0 
0 0 0 0 0 3000 0 0 0 1200 5000 0 3000 0 0 0 0 0 0 2000 0 0 0 0 0 0 0 0 0 0 
0 5000 0 0 0 0 0 0 0 0 0 0 0 0 0 0 0 0 0 0 3000 0 0 0 0 0 0 0 0 0 
0 0 0 0 0 0 0 0 0 0 0 0 0 1600 1600 1200 2000 0 0 0 0 0 0 0 0 0 0 2000 0 0 
0 0 0 0 0 0 0 0 0 0 0 3000 0 1200 0 0 0 0 0 0 0 0 0 0 0 0 0 0 0 0 
0 0 0 0 0 0 0 0 0 0 0 0 1600 0 5000 0 0 0 0 0 0 0 0 0 0 0 1600 0 0 1600 
0 3000 0 0 5000 0 0 0 0 0 2000 0 0 0 0 0 5000 0 0 1200 0 0 0 0 0 0 0 0 3000 0 
0 0 5000 0 3000 0 0 0 0 0 0 0 0 0 0 0 0 0 0 0 0 0 0 0 0 0 0 0 1600 0 
0 0 0 0 0 0 0 0 0 0 0 0 0 0 0 0 0 0 0 0 0 0 0 0 0 0 0 0 0 0 
0 0 0 0 0 3000 0 0 0 0 1600 0 0 0 0 5000 0 0 1600 0 0 0 0 0 0 0 0 0 0 0 
0 1200 0 0 0 0 0 0 0 0 0 0 0 0 0 0 0 0 0 0 5000 0 1600 0 0 0 0 0 0 2000 
0 0 0 0 0 0 0 0 5000 0 0 0 0 0 0 0 0 0 0 3000 0 0 0 5000 0 0 0 0 0 0 
0 0 0 0 3000 0 0 0 0 0 0 0 0 0 0 0 0 0 0 0 0 0 0 0 1200 0 0 0 0 0 
0 0 0 0 0 0 2000 0 0 0 0 0 0 0 0 0 1600 0 0 0 1600 0 0 0 0 0 0 0 0 0 
0 0 0 0 0 0 0 0 0 0 0 0 0 0 0 0 0 0 0 0 1200 0 5000 5000 0 0 0 0 0 0 
0 0 0 0 0 0 0 0 0 0 0 0 5000 0 0 0 0 0 0 0 0 0 0 0 0 0 3000 0 0 0 
0 0 0 0 0 0 0 0 0 0 0 0 0 0 0 2000 0 0 0 0 2000 0 0 0 0 0 0 5000 0 0 
0 0 0 0 2000 0 0 0 0 0 0 0 0 0 0 0 0 0 3000 1200 0 0 0 0 0 1600 0 0 2000 0 
0 0 0 0 0 0 0 1600 0 0 0 0 0 0 0 0 0 0 0 0 5000 0 0 0 0 0 0 5000 1200 0 
0 0 0 0 5000 0 0 0 0 0 0 0 0 0 0 2000 0 0 0 0 0 0 0 0 0 0 0 0 0 0 
1600 0 0 0 0 0 0 0 1600 0 0 0 0 0 0 0 0 0 0 0 0 0 0 0 0 0 1200 0 0 0 
0 0 0 0 0 0 0 3000 0 0 0 0 0 0 0 0 0 0 0 0 0 0 0 0 0 0 0 0 0 0 
0 0 0 0 0 5000 0 0 0 3000 0 0 0 0 0 0 0 0 0 0 0 0 0 0 0 0 0 0 0 0 
0 0 0 0 0 0 0 5000 0 1200 2000 0 0 0 0 0 0 0 0 0 0 0 0 0 0 5000 0 0 0 0 
0 0 0 0 0 0 1200 0 0 0 0 0 0 0 0 0 0 0 0 0 0 1200 0 0 0 0 0 0 1200 0 
