5 50 30 88
0.1 1 1.2 ;0.1 2 5 ;0.3 6 2 ;0.2 5 1.2 ;0.1 3 5 ;
1 21 30 100.0 13.0 0.5157572286415013 3 4 5 2 
2 12 13 50.0 13.0 3.0429498311395866 2 1 3 
3 12 13 100.0 13.0 2.942096385975919 4 1 3 5 
4 22 19 100.0 13.0 3.584988844600368 2 5 1 3 4 
5 29 19 100.0 13.0 3.5789338619763984 5 4 
6 2 15 100.0 13.0 1.1646278851858405 2 3 
7 17 12 100.0 13.0 4.866053627523335 3 1 2 5 
8 11 13 50.0 13.0 2.7593859504550897 2 3 4 
9 27 3 50.0 13.0 0.07403549411057031 1 3 4 5 2 
10 17 1 50.0 13.0 0.9992392129652594 4 5 
11 27 21 50.0 13.0 0.8153603386869818 1 3 
12 19 16 50.0 13.0 0.44339813886934865 3 2 4 
13 5 2 100.0 13.0 3.0256801490667424 4 5 
14 10 8 50.0 13.0 0.31390533449488667 1 5 3 2 4 
15 25 6 50.0 13.0 2.9520442054565184 5 2 3 4 1 
16 7 5 50.0 13.0 0.6520504060092241 2 5 3 4 
17 9 27 100.0 13.0 1.307136413410968 2 3 4 5 1 
18 12 26 100.0 13.0 0.4428182150106952 5 4 3 1 
19 12 28 50.0 13.0 3.514689492114653 1 2 
20 5 21 100.0 13.0 2.9982293381950207 5 1 3 
21 6 7 100.0 13.0 4.891541071926172 2 4 3 1 5 
22 4 8 100.0 13.0 4.142709917817734 3 5 
23 22 14 100.0 13.0 0.686160742524457 2 4 3 1 
24 20 15 100.0 13.0 4.460885146567901 4 1 3 
25 20 21 100.0 13.0 2.9265762270408997 2 5 1 3 
26 23 14 50.0 13.0 4.29737353975572 2 4 3 1 
27 21 26 100.0 13.0 4.782533694622029 2 3 1 4 5 
28 17 13 100.0 13.0 3.5346614540318417 1 4 
29 7 29 100.0 13.0 4.07999671307703 5 2 
30 15 7 50.0 13.0 1.7432287370245554 2 1 3 4 5 
31 19 30 50.0 13.0 2.2472649214938896 1 4 2 5 
32 24 17 100.0 13.0 1.877960531642226 3 2 4 1 
33 8 20 100.0 13.0 1.0039139983503924 1 4 2 5 3 
34 6 26 50.0 13.0 4.5521110519914725 2 1 3 5 4 
35 26 29 50.0 13.0 4.034168893357134 1 4 
36 11 22 100.0 13.0 3.5677538429643185 5 3 
37 10 11 100.0 13.0 4.123053987953465 4 1 5 2 
38 29 20 50.0 13.0 3.3765050334465734 2 3 4 5 1 
39 18 6 50.0 13.0 0.9664265541561767 1 5 4 
40 30 15 50.0 13.0 2.0039084262400104 2 1 3 4 5 
41 18 1 50.0 13.0 2.87005788641943 1 4 2 3 
42 29 2 50.0 13.0 4.982814683727647 3 2 5 1 
43 29 6 100.0 13.0 1.853886492514218 3 2 1 4 5 
44 6 13 50.0 13.0 4.758454904509422 2 4 
45 15 12 100.0 13.0 1.9424165491924668 4 1 2 3 5 
46 6 21 50.0 13.0 4.060325436971136 3 2 
47 21 12 100.0 13.0 3.719116142524716 1 2 5 
48 7 21 50.0 13.0 1.08470082391467 3 5 1 2 4 
49 16 14 50.0 13.0 1.6847841727476998 3 5 4 2 
50 28 3 100.0 13.0 4.109719843862374 1 2 5 3 
0.44
32 6400 244 ;6.82 
16 24000 122 ;2.76 
16 320 30 ;0.84 
8 160 61 ;0.67 
32 6400 244 ;6.82 
16 24000 122 ;2.76 
16 320 122 ;1.33 
8 1600 61 ;1.71 
8 1600 61 ;1.71 
8 160 15 ;0.42 
32 6400 244 ;6.82 
36 116 48000 ;5.52 
32 640 60 ;1.68 
16 320 122 ;1.33 
32 640 244 ;2.66 
36 116 48000 ;5.52 
16 24000 122 ;2.76 
32 640 244 ;2.66 
8 1600 61 ;1.71 
32 640 244 ;2.66 
32 640 60 ;1.68 
32 640 244 ;2.66 
8 160 26 ;0.53 
32 6400 244 ;6.82 
16 3200 122 ;3.41 
8 160 61 ;0.67 
36 116 48000 ;5.52 
8 1600 61 ;1.71 
32 6400 244 ;6.82 
16 24000 122 ;2.76 
0 0 0 0 0 0 0 1600 0 0 0 0 0 0 1600 0 0 0 5000 0 0 0 0 0 0 0 0 0 2000 0 
0 0 0 0 0 0 0 0 0 0 0 0 0 0 0 1600 0 0 0 0 0 0 0 0 0 0 0 2000 0 0 
0 0 0 0 0 0 0 0 0 0 0 3000 0 0 0 0 0 0 1200 0 0 0 0 0 0 0 0 0 0 0 
0 0 0 0 0 0 0 0 0 0 0 3000 0 0 0 0 0 3000 0 0 0 0 0 0 0 5000 0 0 0 0 
0 1200 0 0 0 0 0 0 0 0 0 0 0 0 0 0 0 0 0 0 0 0 0 0 0 0 0 0 0 0 
0 0 0 0 0 0 0 0 0 3000 0 0 0 0 0 0 0 0 0 0 0 0 0 0 0 0 0 0 0 0 
0 0 0 0 0 3000 0 0 0 1200 5000 0 3000 0 0 0 0 0 0 2000 0 0 0 0 0 0 0 0 0 0 
0 5000 0 0 0 0 0 0 0 0 0 0 0 0 0 0 0 0 0 0 3000 0 0 0 0 0 0 0 0 0 
0 0 0 0 0 0 0 0 0 0 0 0 0 1600 1600 1200 2000 0 0 0 0 0 0 0 0 0 0 2000 0 0 
0 0 0 0 0 0 0 0 0 0 0 3000 0 1200 0 0 0 0 0 0 0 0 0 0 0 0 0 0 0 0 
0 0 0 0 0 0 0 0 0 0 0 0 1600 0 5000 0 0 0 0 0 0 0 0 0 0 0 1600 0 0 1600 
0 3000 0 0 5000 0 0 0 0 0 2000 0 0 0 0 0 5000 0 0 1200 0 0 0 0 0 0 0 0 3000 0 
0 0 5000 0 3000 0 0 0 0 0 0 0 0 0 0 0 0 0 0 0 0 0 0 0 0 0 0 0 1600 0 
0 0 0 0 0 0 0 0 0 0 0 0 0 0 0 0 0 0 0 0 0 0 0 0 0 0 0 0 0 0 
0 0 0 0 0 3000 0 0 0 0 1600 0 0 0 0 5000 0 0 1600 0 0 0 0 0 0 0 0 0 0 0 
0 1200 0 0 0 0 0 0 0 0 0 0 0 0 0 0 0 0 0 0 5000 0 1600 0 0 0 0 0 0 2000 
0 0 0 0 0 0 0 0 5000 0 0 0 0 0 0 0 0 0 0 3000 0 0 0 5000 0 0 0 0 0 0 
0 0 0 0 3000 0 0 0 0 0 0 0 0 0 0 0 0 0 0 0 0 0 0 0 1200 0 0 0 0 0 
0 0 0 0 0 0 2000 0 0 0 0 0 0 0 0 0 1600 0 0 0 1600 0 0 0 0 0 0 0 0 0 
0 0 0 0 0 0 0 0 0 0 0 0 0 0 0 0 0 0 0 0 1200 0 5000 5000 0 0 0 0 0 0 
0 0 0 0 0 0 0 0 0 0 0 0 5000 0 0 0 0 0 0 0 0 0 0 0 0 0 3000 0 0 0 
0 0 0 0 0 0 0 0 0 0 0 0 0 0 0 2000 0 0 0 0 2000 0 0 0 0 0 0 5000 0 0 
0 0 0 0 2000 0 0 0 0 0 0 0 0 0 0 0 0 0 3000 1200 0 0 0 0 0 1600 0 0 2000 0 
0 0 0 0 0 0 0 1600 0 0 0 0 0 0 0 0 0 0 0 0 5000 0 0 0 0 0 0 5000 1200 0 
0 0 0 0 5000 0 0 0 0 0 0 0 0 0 0 2000 0 0 0 0 0 0 0 0 0 0 0 0 0 0 
1600 0 0 0 0 0 0 0 1600 0 0 0 0 0 0 0 0 0 0 0 0 0 0 0 0 0 1200 0 0 0 
0 0 0 0 0 0 0 3000 0 0 0 0 0 0 0 0 0 0 0 0 0 0 0 0 0 0 0 0 0 0 
0 0 0 0 0 5000 0 0 0 3000 0 0 0 0 0 0 0 0 0 0 0 0 0 0 0 0 0 0 0 0 
0 0 0 0 0 0 0 5000 0 1200 2000 0 0 0 0 0 0 0 0 0 0 0 0 0 0 5000 0 0 0 0 
0 0 0 0 0 0 1200 0 0 0 0 0 0 0 0 0 0 0 0 0 0 1200 0 0 0 0 0 0 1200 0 
