5 100 50 100
0.1 1 1.2 ;0.1 2 5 ;0.3 6 2 ;0.2 5 1.2 ;0.1 3 5 ;
1 10 3 100.0 13.0 1.288179045125621 4 2 3 1 
2 43 28 100.0 13.0 1.251056307499328 3 4 1 2 
3 46 29 50.0 13.0 2.476710328124744 2 3 4 
4 47 1 100.0 13.0 1.5061868660324051 4 3 2 1 
5 42 46 100.0 13.0 4.570629752638836 3 5 1 4 
6 41 31 100.0 13.0 1.8822260064060186 1 5 3 
7 6 37 50.0 13.0 4.9188511979038125 1 2 5 4 3 
8 3 15 50.0 13.0 2.01663689938115 3 2 1 5 4 
9 6 12 50.0 13.0 4.514283288972768 2 1 
10 12 13 100.0 13.0 2.1737478136121964 2 3 4 
11 41 13 50.0 13.0 2.7193898445311913 1 5 4 2 3 
12 9 24 100.0 13.0 1.0187330657433908 3 4 1 
13 6 41 50.0 13.0 1.1905519185139575 3 4 1 
14 28 30 100.0 13.0 2.9821304164451123 2 1 4 
15 2 5 100.0 13.0 3.1969119104702437 2 4 3 
16 14 1 50.0 13.0 0.8383410669166452 3 5 1 4 
17 35 43 100.0 13.0 0.034671668281177626 5 1 2 4 3 
18 27 29 50.0 13.0 1.419158978435568 1 5 2 3 4 
19 14 41 50.0 13.0 4.197121354406112 2 1 3 
20 12 32 100.0 13.0 4.852484841444013 1 2 
21 33 7 50.0 13.0 0.763001339885116 3 1 4 
22 14 35 100.0 13.0 4.953881708352784 3 2 
23 12 22 50.0 13.0 3.708443606820604 2 1 3 4 5 
24 26 27 100.0 13.0 4.303703082450548 1 3 
25 18 38 50.0 13.0 1.062246348139838 1 4 2 5 3 
26 47 36 50.0 13.0 0.4471181522955797 3 2 4 1 5 
27 33 24 100.0 13.0 0.9129652152470286 2 5 1 3 4 
28 47 18 100.0 13.0 3.7388089588498286 3 1 4 
29 13 8 50.0 13.0 2.58079080616686 4 5 3 
30 41 32 100.0 13.0 2.7264331869010845 4 3 5 1 
31 35 8 100.0 13.0 0.8156093399716602 5 3 1 2 
32 17 30 50.0 13.0 1.601942529574028 4 5 1 3 2 
33 15 22 50.0 13.0 1.467894440974105 3 4 5 1 2 
34 28 42 100.0 13.0 0.00768758840363204 5 2 1 4 
35 42 47 50.0 13.0 1.4003375252069528 1 2 4 5 3 
36 41 5 100.0 13.0 1.21324739942682 1 4 
37 22 42 50.0 13.0 4.521389888878579 2 5 1 3 4 
38 38 21 50.0 13.0 1.920736339619754 2 1 3 4 5 
39 12 40 50.0 13.0 3.3484260093370803 3 1 
40 24 28 50.0 13.0 1.8464249542168731 3 2 4 
41 15 35 50.0 13.0 4.88425603670266 3 1 5 2 4 
42 22 37 50.0 13.0 4.864967238535922 1 5 3 2 4 
43 14 40 100.0 13.0 0.8435231370133706 5 1 3 
44 13 47 50.0 13.0 4.3539697273148885 1 2 4 5 3 
45 14 13 50.0 13.0 1.5178007569839451 5 4 2 3 
46 45 39 100.0 13.0 2.726494959609624 2 1 3 4 5 
47 9 26 50.0 13.0 3.243533690336249 1 5 2 
48 13 42 50.0 13.0 0.2837396838371492 4 2 1 3 5 
49 41 48 50.0 13.0 3.722974685655824 4 1 2 5 3 
50 47 49 50.0 13.0 1.3929298573261784 4 3 2 
51 12 5 100.0 13.0 2.1469951475108844 1 5 2 3 4 
52 43 23 50.0 13.0 1.2647629767342639 3 1 2 
53 38 32 100.0 13.0 4.9584047475259325 1 3 4 5 
54 25 13 50.0 13.0 1.9602881208523693 4 3 2 5 1 
55 2 35 100.0 13.0 2.403449501901902 1 3 
56 6 32 100.0 13.0 1.3546594788954898 4 1 3 
57 1 3 50.0 13.0 1.6421848446220555 3 5 
58 28 15 50.0 13.0 2.7065482271388275 4 2 1 3 5 
59 5 29 100.0 13.0 4.360372521257975 2 3 5 
60 20 10 50.0 13.0 0.8818959116445091 1 4 3 5 
61 13 35 100.0 13.0 1.451408529104925 5 3 4 1 2 
62 5 29 50.0 13.0 2.9675118462920946 2 5 3 
63 37 13 50.0 13.0 2.6034909299650275 1 3 2 4 5 
64 18 29 50.0 13.0 4.89959153080704 2 3 1 5 
65 45 17 50.0 13.0 4.405488863039083 4 2 
66 25 9 100.0 13.0 4.446283888960632 2 5 3 1 4 
67 42 18 50.0 13.0 1.7267126096341618 4 1 3 5 
68 33 47 100.0 13.0 3.6577533469897583 3 4 1 2 5 
69 20 28 50.0 13.0 4.669891589157327 4 1 2 3 
70 14 31 50.0 13.0 1.5390925093688441 4 5 
71 29 38 100.0 13.0 1.0544564206989293 2 5 
72 44 32 50.0 13.0 1.1068808276327995 3 4 
73 43 8 50.0 13.0 4.768339223844704 3 1 5 
74 21 12 50.0 13.0 3.6557949490664186 5 3 1 4 2 
75 38 30 50.0 13.0 3.068018116544869 1 2 4 
76 43 4 100.0 13.0 3.157882342314226 1 3 
77 10 40 100.0 13.0 3.6264776774541962 5 2 
78 43 8 100.0 13.0 1.527461265645742 4 1 5 2 3 
79 41 29 50.0 13.0 2.6540456471551375 2 1 5 
80 3 50 50.0 13.0 1.9177469415209247 2 4 3 1 
81 22 26 100.0 13.0 1.7065391505940386 2 5 3 
82 15 8 100.0 13.0 4.776840824747424 4 5 2 3 1 
83 31 28 50.0 13.0 0.5200747327804667 5 4 2 1 3 
84 44 30 100.0 13.0 4.252777851580039 1 3 
85 37 4 50.0 13.0 4.00801665079267 5 1 4 2 3 
86 2 5 100.0 13.0 4.154758295709381 5 1 4 3 
87 46 40 50.0 13.0 4.484535354512847 3 5 2 4 1 
88 22 19 100.0 13.0 4.234749828403026 4 1 
89 42 50 100.0 13.0 3.4290083798411612 5 1 3 4 
90 26 15 100.0 13.0 2.9903010753681825 3 4 1 5 
91 36 37 50.0 13.0 4.8967208084192935 4 3 2 1 5 
92 30 38 50.0 13.0 2.3299011514120833 2 4 5 3 1 
93 33 38 50.0 13.0 1.7819590106457577 1 4 
94 2 17 50.0 13.0 0.1569455326313618 5 2 1 4 3 
95 15 40 100.0 13.0 1.3804477015114147 3 4 5 2 1 
96 18 43 100.0 13.0 2.0730322774805554 1 2 
97 44 37 100.0 13.0 1.7863556152022246 4 3 
98 22 13 50.0 13.0 3.8880764633568496 4 1 
99 18 31 100.0 13.0 4.796431587893291 3 5 4 2 
100 29 47 100.0 13.0 4.524132865842554 3 5 2 1 
0.44
8 160 61 ;0.67 
32 640 60 ;1.68 
16 3200 122 ;3.41 
16 24000 122 ;2.76 
36 116 48000 ;5.52 
32 640 60 ;1.68 
8 1600 61 ;1.71 
16 3200 122 ;3.41 
16 24000 122 ;2.76 
36 116 48000 ;5.52 
8 160 26 ;0.53 
36 116 48000 ;5.52 
16 320 30 ;0.84 
16 24000 122 ;2.76 
36 116 48000 ;5.52 
32 6400 244 ;6.82 
16 320 122 ;1.33 
8 160 15 ;0.42 
16 24000 122 ;2.76 
16 320 122 ;1.33 
8 160 26 ;0.53 
32 6400 244 ;6.82 
8 1600 61 ;1.71 
32 640 244 ;2.66 
8 160 61 ;0.67 
32 6400 244 ;6.82 
32 6400 244 ;6.82 
8 160 15 ;0.42 
8 160 26 ;0.53 
16 3200 122 ;3.41 
8 160 15 ;0.42 
16 3200 122 ;3.41 
8 1600 61 ;1.71 
8 160 26 ;0.53 
36 116 48000 ;5.52 
32 640 244 ;2.66 
8 160 15 ;0.42 
8 160 15 ;0.42 
16 3200 122 ;3.41 
32 640 244 ;2.66 
8 1600 61 ;1.71 
16 24000 122 ;2.76 
16 24000 122 ;2.76 
36 116 48000 ;5.52 
8 160 61 ;0.67 
8 160 26 ;0.53 
32 640 244 ;2.66 
32 640 60 ;1.68 
32 640 244 ;2.66 
16 3200 122 ;3.41 
0 0 0 0 0 0 0 5000 0 0 0 0 0 0 5000 0 0 0 0 0 0 0 0 0 0 0 0 0 1600 0 0 0 0 0 0 0 0 0 0 0 0 0 0 1200 0 0 0 0 0 0 
0 0 0 0 0 0 0 2000 0 0 0 0 0 0 0 0 0 0 0 0 0 0 0 0 0 1600 0 0 0 0 0 0 0 0 0 0 0 0 0 0 0 0 0 0 0 0 0 0 0 0 
0 0 0 2000 0 0 0 0 0 0 0 1200 0 0 0 0 0 0 0 0 0 0 0 0 0 0 0 0 0 0 0 0 0 0 0 0 0 0 0 0 0 0 0 0 0 0 0 0 0 0 
0 0 0 0 0 0 0 0 0 0 0 0 0 0 0 0 0 0 0 0 0 0 0 0 0 0 0 0 0 0 0 0 0 0 0 0 0 0 0 0 0 0 0 0 0 0 0 0 0 0 
0 0 0 0 0 0 0 0 0 0 0 0 0 0 0 0 0 0 0 0 0 0 0 0 0 0 1200 0 0 0 0 0 0 0 0 0 0 2000 0 0 0 1200 0 1600 0 0 0 0 0 0 
0 0 0 0 0 0 0 0 0 0 0 0 0 0 0 0 0 1200 0 0 0 0 0 0 0 0 0 0 0 0 0 2000 0 0 2000 0 0 0 0 1600 0 0 3000 0 0 0 0 0 0 0 
0 0 0 0 0 0 0 0 0 0 0 0 0 0 0 0 0 0 0 0 0 0 0 0 0 0 0 0 0 0 0 0 0 0 0 0 0 0 0 0 0 0 0 0 0 0 0 0 0 0 
0 0 0 0 0 0 0 0 0 0 0 0 0 0 0 0 0 0 0 0 0 0 0 0 0 0 0 0 0 0 0 0 0 0 0 0 1600 0 0 0 0 0 0 0 0 0 0 0 0 0 
0 0 0 0 0 0 0 0 0 0 0 0 0 0 0 5000 0 0 0 0 0 0 0 0 0 0 0 5000 2000 0 0 0 0 0 0 0 0 0 0 0 5000 0 0 0 0 0 0 0 0 0 
0 0 0 0 0 0 0 0 0 0 0 0 0 0 0 0 0 0 0 0 0 0 2000 3000 0 0 0 0 0 0 1600 0 0 0 0 0 0 0 0 0 0 0 0 0 0 0 0 0 0 0 
0 0 0 0 0 0 0 0 0 0 0 0 0 0 0 0 0 0 0 0 0 0 0 0 0 0 0 0 0 0 0 0 0 0 0 0 0 0 0 0 0 0 0 0 0 0 0 0 0 0 
0 0 0 0 0 0 0 0 0 0 0 0 0 0 0 0 0 0 0 0 0 0 0 0 0 0 0 0 0 0 0 0 0 0 0 0 0 0 0 0 2000 0 1200 0 0 0 0 0 0 0 
0 0 0 0 3000 0 0 0 0 0 0 0 0 0 0 0 0 1600 0 0 0 0 1600 0 0 0 0 0 0 0 0 0 0 0 0 0 0 0 3000 0 0 0 0 0 0 0 0 0 0 0 
0 0 0 0 0 0 0 0 0 0 0 0 0 0 0 0 0 0 0 0 0 0 0 0 0 0 0 0 0 0 0 0 0 0 0 0 0 1200 0 0 0 0 0 0 0 0 0 0 2000 1200 
0 0 0 0 0 2000 0 0 0 0 0 0 0 0 0 1600 0 0 0 0 0 0 0 0 0 0 0 0 0 0 0 0 0 0 0 0 0 0 0 0 0 0 0 5000 0 0 0 0 0 0 
0 0 0 0 0 0 0 0 0 0 0 0 0 0 0 0 0 0 0 0 0 0 0 0 0 0 0 0 0 0 0 0 0 0 0 0 0 0 0 0 0 0 0 0 0 0 0 0 0 0 
0 0 0 0 0 1200 0 0 0 0 0 0 0 0 0 0 0 0 0 0 0 0 0 0 0 0 0 5000 0 0 3000 0 0 0 0 0 0 0 0 0 0 0 0 0 0 0 0 0 0 0 
0 0 0 0 5000 0 1200 0 5000 0 0 0 0 0 1600 0 0 0 0 0 0 0 0 0 0 0 0 0 0 0 0 0 0 0 0 0 0 0 0 0 0 0 0 0 0 0 0 0 0 0 
0 0 0 0 0 0 0 0 0 0 0 0 0 0 0 0 0 0 0 0 0 0 0 0 0 0 0 0 0 0 0 0 0 0 0 0 0 0 0 0 0 0 0 0 0 0 0 0 0 0 
0 0 0 0 0 0 0 0 0 0 0 0 0 0 0 0 0 0 0 0 0 0 0 0 0 0 0 0 0 0 0 0 0 2000 0 0 0 2000 0 0 0 0 0 0 0 0 0 0 0 0 
0 0 0 0 0 0 0 0 0 0 0 0 0 0 0 0 0 0 0 0 0 0 0 0 0 2000 0 0 0 0 0 0 0 0 0 0 0 0 0 0 0 0 0 0 0 3000 0 0 0 0 
0 0 0 0 0 0 0 5000 0 0 0 0 0 0 0 0 0 0 0 0 0 0 0 0 0 0 0 0 0 0 0 0 0 0 0 5000 0 0 0 0 3000 0 0 0 0 0 0 0 0 5000 
0 0 0 0 0 0 0 0 0 0 0 0 0 0 0 0 0 0 0 0 0 0 0 0 0 0 0 0 0 0 0 0 0 0 0 0 0 0 0 0 0 0 0 0 0 0 0 0 0 0 
0 0 0 0 0 0 0 0 0 0 0 0 1600 0 0 0 5000 0 0 0 0 0 0 0 0 0 0 0 0 0 0 0 0 0 0 0 0 2000 1200 0 0 0 0 0 0 0 0 0 0 0 
0 0 0 0 0 0 0 3000 0 0 0 0 0 0 0 0 0 0 0 0 0 0 0 0 0 0 0 0 0 0 0 0 0 0 0 0 0 0 0 0 0 0 0 0 0 0 0 0 0 0 
2000 0 0 0 0 0 0 0 0 0 0 0 0 0 0 0 3000 0 0 0 5000 3000 0 0 0 0 0 0 0 0 0 0 0 0 0 0 0 0 0 0 0 0 0 1600 0 0 0 0 0 0 
0 0 0 0 0 0 0 0 0 0 0 0 0 0 0 1200 0 0 0 0 0 0 0 0 0 1200 0 0 0 5000 0 0 0 0 0 0 0 0 0 0 0 0 0 0 0 0 0 0 0 0 
0 0 0 0 0 0 0 0 0 0 0 0 0 0 1200 0 0 0 0 0 0 0 0 0 0 0 0 0 0 0 0 0 0 0 0 0 0 0 0 0 0 0 0 0 0 0 0 0 0 0 
0 0 1200 0 0 0 0 0 0 0 0 0 0 0 0 0 0 0 0 0 0 0 0 0 0 0 0 0 0 0 0 0 0 0 0 0 0 0 0 0 0 0 0 0 0 0 0 0 0 0 
0 0 0 0 0 0 0 0 0 0 0 0 0 0 0 0 0 0 0 0 0 0 0 0 0 0 0 0 0 0 0 0 0 0 0 0 0 0 0 2000 0 2000 0 0 0 0 0 0 1200 1200 
0 0 0 0 0 0 0 0 0 0 0 0 0 0 0 0 0 0 0 0 0 0 0 0 0 0 0 0 0 0 0 0 0 0 2000 0 0 0 0 0 0 0 0 0 0 0 0 0 0 0 
0 0 0 0 0 0 0 0 0 0 0 0 0 0 0 0 0 0 0 0 0 0 0 0 0 0 0 0 0 0 0 0 0 0 0 0 0 0 0 0 0 0 0 0 0 0 0 0 0 0 
3000 0 0 0 0 0 0 0 0 0 0 0 0 0 0 0 0 0 0 0 0 0 0 0 0 0 0 0 0 0 0 0 0 0 0 0 0 0 0 0 0 0 0 0 0 0 0 0 0 0 
0 0 0 0 0 0 0 0 0 0 0 0 0 0 0 0 0 0 0 0 0 0 0 0 0 0 0 0 0 0 0 0 0 0 0 0 0 0 0 0 0 0 0 0 0 0 0 0 0 0 
0 0 0 0 0 0 0 0 0 0 0 0 0 0 0 0 0 0 0 0 0 0 0 0 0 0 0 0 0 0 0 0 0 0 0 0 0 0 0 0 0 0 2000 0 0 0 0 0 0 0 
3000 0 0 0 0 0 0 0 3000 0 0 0 0 0 0 0 0 0 0 0 0 1600 0 0 0 0 0 2000 0 0 0 0 0 0 0 0 0 0 0 0 0 0 0 0 0 0 0 0 0 0 
0 0 0 0 0 0 0 0 0 0 0 0 0 0 0 0 0 0 3000 0 0 0 0 0 0 0 2000 0 0 0 0 0 0 0 0 0 0 0 0 0 0 0 0 0 0 0 0 0 0 0 
0 0 0 0 0 0 0 0 1600 0 0 0 0 0 0 0 0 3000 0 0 0 0 0 0 0 0 5000 0 0 0 0 0 0 0 0 0 0 0 0 0 2000 0 0 0 0 0 0 0 0 0 
0 0 0 0 0 0 0 0 0 0 0 0 0 0 0 0 0 0 0 0 0 0 0 0 0 0 0 0 0 0 0 0 0 0 0 0 0 0 0 0 0 0 0 0 0 0 0 0 0 0 
1600 0 0 0 0 0 0 0 0 5000 0 0 0 0 0 0 0 0 0 0 0 0 0 0 0 0 0 0 0 0 0 0 0 0 0 0 0 0 0 0 0 2000 0 0 0 0 0 0 0 0 
0 0 0 0 0 0 0 0 0 0 0 0 0 0 0 0 0 0 0 0 0 0 0 0 0 0 0 0 0 0 0 0 0 0 0 0 0 0 0 5000 0 0 0 0 0 1200 0 0 0 0 
0 0 0 0 0 0 0 0 0 0 0 0 0 0 0 0 0 0 0 0 0 0 0 0 0 0 2000 0 0 0 0 0 0 0 0 0 0 0 0 0 0 0 0 0 0 0 0 0 0 0 
0 0 0 0 0 0 0 0 0 0 0 0 0 0 0 0 0 0 0 0 0 0 0 0 0 0 0 0 3000 0 0 0 0 0 0 0 0 0 0 0 0 0 0 0 0 0 0 0 0 0 
0 0 0 0 0 0 0 0 0 0 0 0 0 0 0 0 0 0 0 0 1600 0 0 0 0 0 0 0 0 0 0 0 0 0 0 1600 0 0 0 0 0 0 0 0 0 0 0 0 0 0 
0 0 0 0 0 0 0 0 0 0 0 0 0 0 0 0 0 0 0 0 0 0 0 0 0 0 0 0 0 0 0 0 5000 0 0 0 0 0 0 0 0 0 0 0 0 0 0 0 0 0 
0 0 0 0 0 0 0 0 0 0 0 0 0 0 0 0 0 0 0 0 0 0 0 0 0 0 0 0 0 0 0 0 0 0 0 0 0 0 0 0 0 0 0 0 0 0 5000 5000 0 0 
0 0 0 0 0 0 0 0 0 0 0 0 0 0 0 0 3000 0 0 0 0 0 0 0 0 0 0 0 0 0 0 0 0 0 0 0 0 0 0 0 0 0 0 0 0 0 0 0 0 0 
0 0 0 0 0 0 0 0 0 0 0 0 0 0 0 0 0 0 0 0 0 0 0 0 0 0 0 0 3000 0 0 0 0 0 0 3000 0 0 0 0 0 0 0 0 0 0 0 0 0 0 
0 0 0 0 0 0 0 0 0 0 0 0 0 0 0 0 0 0 0 0 0 0 0 0 0 0 0 0 0 0 0 0 0 0 0 0 0 0 0 0 0 0 0 0 0 0 0 0 0 0 
0 0 0 0 0 0 0 0 0 0 0 0 0 0 0 0 0 0 0 0 0 0 0 0 0 0 0 0 0 0 0 0 0 0 0 0 0 0 1600 0 0 0 0 0 0 0 0 0 0 0 
