5 5 15 58
0.1 1 1.2 ;0.1 2 5 ;0.3 6 2 ;0.2 5 1.2 ;0.1 3 5 ;
1 7 4 100.0 13.0 0.22608966120549467 4 5 
2 5 8 100.0 13.0 4.5947294146772295 3 4 2 
3 2 9 50.0 13.0 3.1794478359027085 4 2 1 3 
4 13 12 50.0 13.0 3.6278997865381166 2 4 
5 9 3 100.0 13.0 3.176751538172132 2 1 3 4 5 
0.44
8 160 26 ;0.53 
16 320 30 ;0.84 
8 160 15 ;0.42 
32 6400 244 ;6.82 
8 1600 61 ;1.71 
16 24000 122 ;2.76 
8 160 15 ;0.42 
16 320 30 ;0.84 
16 320 30 ;0.84 
32 6400 244 ;6.82 
8 1600 61 ;1.71 
36 116 48000 ;5.52 
8 160 15 ;0.42 
32 6400 244 ;6.82 
32 6400 244 ;6.82 
0 0 0 0 0 3000 0 1600 0 0 0 5000 1600 0 1200 
0 0 0 1200 0 1200 0 1600 1600 0 0 0 0 0 0 
0 1200 0 5000 0 0 0 0 0 0 0 0 5000 0 0 
0 0 0 0 0 0 2000 3000 0 5000 0 0 1200 2000 2000 
0 0 3000 0 0 0 0 0 0 2000 3000 0 0 0 0 
0 0 0 0 0 0 0 0 0 0 0 1200 2000 0 2000 
0 0 0 0 0 5000 0 0 0 0 3000 0 0 0 2000 
0 0 2000 1600 0 0 0 0 0 0 0 0 0 0 0 
0 0 0 0 0 0 0 0 0 0 0 0 0 0 2000 
2000 0 3000 0 0 0 0 1600 5000 0 0 1600 0 0 1600 
0 1200 1200 3000 0 0 0 0 0 0 0 0 0 3000 0 
0 0 1200 0 0 0 1200 0 0 3000 1600 0 0 5000 0 
0 3000 0 0 0 3000 0 0 0 0 0 1200 0 0 0 
0 3000 0 0 0 1600 1600 0 1600 5000 0 0 0 0 3000 
2000 2000 5000 0 0 0 0 0 0 0 0 1600 0 0 0 
