5 8 15 58
0.1 1 1.2 ;0.1 2 5 ;0.3 6 2 ;0.2 5 1.2 ;0.1 3 5 ;
1 11 2 50.0 13.0 4.8851328104311955 1 5 2 
2 1 15 50.0 13.0 4.774611076787625 3 1 
3 1 15 50.0 13.0 1.3241220631850825 3 2 1 5 4 
4 15 10 50.0 13.0 2.2087678608648553 4 1 3 
5 13 7 50.0 13.0 1.3525238428857533 4 5 1 3 2 
6 6 8 50.0 13.0 0.9681742536220489 4 1 5 2 3 
7 11 14 100.0 13.0 0.6444400507662301 3 5 1 
8 10 12 100.0 13.0 1.6259589819760296 3 2 
0.44
8 160 26 ;0.53 
16 320 30 ;0.84 
8 160 15 ;0.42 
32 6400 244 ;6.82 
8 1600 61 ;1.71 
16 24000 122 ;2.76 
8 160 15 ;0.42 
16 320 30 ;0.84 
16 320 30 ;0.84 
32 6400 244 ;6.82 
8 1600 61 ;1.71 
36 116 48000 ;5.52 
8 160 15 ;0.42 
32 6400 244 ;6.82 
32 6400 244 ;6.82 
0 0 0 0 0 3000 0 1600 0 0 0 5000 1600 0 1200 
0 0 0 1200 0 1200 0 1600 1600 0 0 0 0 0 0 
0 1200 0 5000 0 0 0 0 0 0 0 0 5000 0 0 
0 0 0 0 0 0 2000 3000 0 5000 0 0 1200 2000 2000 
0 0 3000 0 0 0 0 0 0 2000 3000 0 0 0 0 
0 0 0 0 0 0 0 0 0 0 0 1200 2000 0 2000 
0 0 0 0 0 5000 0 0 0 0 3000 0 0 0 2000 
0 0 2000 1600 0 0 0 0 0 0 0 0 0 0 0 
0 0 0 0 0 0 0 0 0 0 0 0 0 0 2000 
2000 0 3000 0 0 0 0 1600 5000 0 0 1600 0 0 1600 
0 1200 1200 3000 0 0 0 0 0 0 0 0 0 3000 0 
0 0 1200 0 0 0 1200 0 0 3000 1600 0 0 5000 0 
0 3000 0 0 0 3000 0 0 0 0 0 1200 0 0 0 
0 3000 0 0 0 1600 1600 0 1600 5000 0 0 0 0 3000 
2000 2000 5000 0 0 0 0 0 0 0 0 1600 0 0 0 
