5 10 15 58
0.1 1 1.2 ;0.1 2 5 ;0.3 6 2 ;0.2 5 1.2 ;0.1 3 5 ;
1 1 8 50.0 13.0 4.939584703367011 2 4 3 1 5 
2 11 8 50.0 13.0 1.2098890521562367 1 4 5 3 
3 1 7 100.0 13.0 0.26911860795460985 5 2 1 3 4 
4 12 4 50.0 13.0 3.58110891938556 3 2 5 4 1 
5 9 2 50.0 13.0 1.2306137365477088 1 3 
6 14 9 50.0 13.0 1.586813154138043 5 1 2 3 4 
7 3 2 100.0 13.0 4.656026403912533 4 5 
8 15 3 100.0 13.0 4.544430897773675 4 1 
9 6 11 100.0 13.0 1.710904430300958 5 1 3 
10 7 10 50.0 13.0 1.9974127205924452 5 3 
0.44
8 160 26 ;0.53 
16 320 30 ;0.84 
8 160 15 ;0.42 
32 6400 244 ;6.82 
8 1600 61 ;1.71 
16 24000 122 ;2.76 
8 160 15 ;0.42 
16 320 30 ;0.84 
16 320 30 ;0.84 
32 6400 244 ;6.82 
8 1600 61 ;1.71 
36 116 48000 ;5.52 
8 160 15 ;0.42 
32 6400 244 ;6.82 
32 6400 244 ;6.82 
0 0 0 0 0 3000 0 1600 0 0 0 5000 1600 0 1200 
0 0 0 1200 0 1200 0 1600 1600 0 0 0 0 0 0 
0 1200 0 5000 0 0 0 0 0 0 0 0 5000 0 0 
0 0 0 0 0 0 2000 3000 0 5000 0 0 1200 2000 2000 
0 0 3000 0 0 0 0 0 0 2000 3000 0 0 0 0 
0 0 0 0 0 0 0 0 0 0 0 1200 2000 0 2000 
0 0 0 0 0 5000 0 0 0 0 3000 0 0 0 2000 
0 0 2000 1600 0 0 0 0 0 0 0 0 0 0 0 
0 0 0 0 0 0 0 0 0 0 0 0 0 0 2000 
2000 0 3000 0 0 0 0 1600 5000 0 0 1600 0 0 1600 
0 1200 1200 3000 0 0 0 0 0 0 0 0 0 3000 0 
0 0 1200 0 0 0 1200 0 0 3000 1600 0 0 5000 0 
0 3000 0 0 0 3000 0 0 0 0 0 1200 0 0 0 
0 3000 0 0 0 1600 1600 0 1600 5000 0 0 0 0 3000 
2000 2000 5000 0 0 0 0 0 0 0 0 1600 0 0 0 
