5 12 15 58
0.1 1 1.2 ;0.1 2 5 ;0.3 6 2 ;0.2 5 1.2 ;0.1 3 5 ;
1 8 1 100.0 13.0 4.887070691635086 4 1 
2 13 10 100.0 13.0 3.8737363652279733 4 2 1 
3 5 3 100.0 13.0 2.659627926765389 3 5 2 1 
4 5 7 50.0 13.0 2.8506683886552695 2 1 
5 8 9 100.0 13.0 1.171583745665166 1 4 
6 6 11 50.0 13.0 4.581500424491731 4 2 5 1 3 
7 7 13 50.0 13.0 0.9949907812848402 5 3 
8 1 10 50.0 13.0 4.246435882387711 1 5 4 2 
9 1 13 100.0 13.0 1.333540164113417 3 2 5 4 1 
10 14 15 100.0 13.0 0.8876230631186799 3 5 
11 4 9 100.0 13.0 0.4824220804094126 1 4 5 2 
12 11 8 50.0 13.0 0.9456533047488103 1 4 2 3 5 
0.44
8 160 26 ;0.53 
16 320 30 ;0.84 
8 160 15 ;0.42 
32 6400 244 ;6.82 
8 1600 61 ;1.71 
16 24000 122 ;2.76 
8 160 15 ;0.42 
16 320 30 ;0.84 
16 320 30 ;0.84 
32 6400 244 ;6.82 
8 1600 61 ;1.71 
36 116 48000 ;5.52 
8 160 15 ;0.42 
32 6400 244 ;6.82 
32 6400 244 ;6.82 
0 0 0 0 0 3000 0 1600 0 0 0 5000 1600 0 1200 
0 0 0 1200 0 1200 0 1600 1600 0 0 0 0 0 0 
0 1200 0 5000 0 0 0 0 0 0 0 0 5000 0 0 
0 0 0 0 0 0 2000 3000 0 5000 0 0 1200 2000 2000 
0 0 3000 0 0 0 0 0 0 2000 3000 0 0 0 0 
0 0 0 0 0 0 0 0 0 0 0 1200 2000 0 2000 
0 0 0 0 0 5000 0 0 0 0 3000 0 0 0 2000 
0 0 2000 1600 0 0 0 0 0 0 0 0 0 0 0 
0 0 0 0 0 0 0 0 0 0 0 0 0 0 2000 
2000 0 3000 0 0 0 0 1600 5000 0 0 1600 0 0 1600 
0 1200 1200 3000 0 0 0 0 0 0 0 0 0 3000 0 
0 0 1200 0 0 0 1200 0 0 3000 1600 0 0 5000 0 
0 3000 0 0 0 3000 0 0 0 0 0 1200 0 0 0 
0 3000 0 0 0 1600 1600 0 1600 5000 0 0 0 0 3000 
2000 2000 5000 0 0 0 0 0 0 0 0 1600 0 0 0 
