5 20 15 58
0.1 1 1.2 ;0.1 2 5 ;0.3 6 2 ;0.2 5 1.2 ;0.1 3 5 ;
1 5 14 50.0 13.0 4.349484528631925 5 1 3 4 2 
2 3 4 100.0 13.0 4.735076597478833 1 5 4 2 
3 10 2 100.0 13.0 2.0245512052125174 1 2 4 
4 7 9 100.0 13.0 4.673388202523495 4 3 2 
5 4 10 50.0 13.0 4.585626219777691 5 1 4 3 
6 2 14 100.0 13.0 4.318759577129331 1 2 
7 9 7 50.0 13.0 3.9673480676486483 2 5 1 3 4 
8 7 4 100.0 13.0 4.402194007900018 2 4 5 3 
9 1 13 50.0 13.0 4.612533371639932 4 3 2 1 5 
10 2 6 100.0 13.0 2.391621803987763 2 5 3 4 1 
11 14 2 50.0 13.0 2.8155089830921085 5 1 4 2 
12 4 1 50.0 13.0 1.216955663923776 5 4 2 
13 5 1 50.0 13.0 0.6910454433266056 3 5 4 2 1 
14 12 3 100.0 13.0 2.409669449330347 1 4 2 3 5 
15 9 2 100.0 13.0 1.8226082774975771 3 5 2 1 
16 4 15 100.0 13.0 1.1996600835295594 3 1 
17 7 6 50.0 13.0 1.2832909158116468 5 1 3 2 
18 7 14 100.0 13.0 4.672413396559905 2 3 4 5 1 
19 6 3 50.0 13.0 1.4179373702310272 2 3 
20 9 6 50.0 13.0 3.11745054935521 1 3 4 5 2 
0.44
8 160 26 ;0.53 
16 320 30 ;0.84 
8 160 15 ;0.42 
32 6400 244 ;6.82 
8 1600 61 ;1.71 
16 24000 122 ;2.76 
8 160 15 ;0.42 
16 320 30 ;0.84 
16 320 30 ;0.84 
32 6400 244 ;6.82 
8 1600 61 ;1.71 
36 116 48000 ;5.52 
8 160 15 ;0.42 
32 6400 244 ;6.82 
32 6400 244 ;6.82 
0 0 0 0 0 3000 0 1600 0 0 0 5000 1600 0 1200 
0 0 0 1200 0 1200 0 1600 1600 0 0 0 0 0 0 
0 1200 0 5000 0 0 0 0 0 0 0 0 5000 0 0 
0 0 0 0 0 0 2000 3000 0 5000 0 0 1200 2000 2000 
0 0 3000 0 0 0 0 0 0 2000 3000 0 0 0 0 
0 0 0 0 0 0 0 0 0 0 0 1200 2000 0 2000 
0 0 0 0 0 5000 0 0 0 0 3000 0 0 0 2000 
0 0 2000 1600 0 0 0 0 0 0 0 0 0 0 0 
0 0 0 0 0 0 0 0 0 0 0 0 0 0 2000 
2000 0 3000 0 0 0 0 1600 5000 0 0 1600 0 0 1600 
0 1200 1200 3000 0 0 0 0 0 0 0 0 0 3000 0 
0 0 1200 0 0 0 1200 0 0 3000 1600 0 0 5000 0 
0 3000 0 0 0 3000 0 0 0 0 0 1200 0 0 0 
0 3000 0 0 0 1600 1600 0 1600 5000 0 0 0 0 3000 
2000 2000 5000 0 0 0 0 0 0 0 0 1600 0 0 0 
