5 15 30 88
0.1 1 1.2 ;0.1 2 5 ;0.3 6 2 ;0.2 5 1.2 ;0.1 3 5 ;
1 13 7 50.0 13.0 3.8333780068158196 1 5 4 3 
2 26 22 100.0 13.0 0.12268928725614803 5 2 4 1 3 
3 8 27 100.0 13.0 3.0607216629453546 4 5 1 2 3 
4 9 30 50.0 13.0 2.3977467164201998 2 3 4 5 1 
5 26 7 50.0 13.0 0.7619609925763682 1 3 
6 15 20 50.0 13.0 3.6386036726482214 4 2 1 
7 21 28 100.0 13.0 1.9671270334415696 2 1 4 5 3 
8 27 11 100.0 13.0 4.263507673066758 3 5 2 
9 17 13 50.0 13.0 1.6564361218261685 4 3 1 
10 7 3 100.0 13.0 0.8862643145208893 1 2 3 5 4 
11 13 12 100.0 13.0 3.16677870401656 4 5 1 
12 27 6 50.0 13.0 3.1897538789172177 1 4 5 3 2 
13 19 15 100.0 13.0 0.8428838500024372 2 3 1 
14 20 15 50.0 13.0 0.23115635168091397 1 5 
15 9 30 100.0 13.0 3.7000383457302717 5 3 2 1 
0.44
32 6400 244 ;6.82 
16 24000 122 ;2.76 
16 320 30 ;0.84 
8 160 61 ;0.67 
32 6400 244 ;6.82 
16 24000 122 ;2.76 
16 320 122 ;1.33 
8 1600 61 ;1.71 
8 1600 61 ;1.71 
8 160 15 ;0.42 
32 6400 244 ;6.82 
36 116 48000 ;5.52 
32 640 60 ;1.68 
16 320 122 ;1.33 
32 640 244 ;2.66 
36 116 48000 ;5.52 
16 24000 122 ;2.76 
32 640 244 ;2.66 
8 1600 61 ;1.71 
32 640 244 ;2.66 
32 640 60 ;1.68 
32 640 244 ;2.66 
8 160 26 ;0.53 
32 6400 244 ;6.82 
16 3200 122 ;3.41 
8 160 61 ;0.67 
36 116 48000 ;5.52 
8 1600 61 ;1.71 
32 6400 244 ;6.82 
16 24000 122 ;2.76 
0 0 0 0 0 0 0 1600 0 0 0 0 0 0 1600 0 0 0 5000 0 0 0 0 0 0 0 0 0 2000 0 
0 0 0 0 0 0 0 0 0 0 0 0 0 0 0 1600 0 0 0 0 0 0 0 0 0 0 0 2000 0 0 
0 0 0 0 0 0 0 0 0 0 0 3000 0 0 0 0 0 0 1200 0 0 0 0 0 0 0 0 0 0 0 
0 0 0 0 0 0 0 0 0 0 0 3000 0 0 0 0 0 3000 0 0 0 0 0 0 0 5000 0 0 0 0 
0 1200 0 0 0 0 0 0 0 0 0 0 0 0 0 0 0 0 0 0 0 0 0 0 0 0 0 0 0 0 
0 0 0 0 0 0 0 0 0 3000 0 0 0 0 0 0 0 0 0 0 0 0 0 0 0 0 0 0 0 0 
0 0 0 0 0 3000 0 0 0 1200 5000 0 3000 0 0 0 0 0 0 2000 0 0 0 0 0 0 0 0 0 0 
0 5000 0 0 0 0 0 0 0 0 0 0 0 0 0 0 0 0 0 0 3000 0 0 0 0 0 0 0 0 0 
0 0 0 0 0 0 0 0 0 0 0 0 0 1600 1600 1200 2000 0 0 0 0 0 0 0 0 0 0 2000 0 0 
0 0 0 0 0 0 0 0 0 0 0 3000 0 1200 0 0 0 0 0 0 0 0 0 0 0 0 0 0 0 0 
0 0 0 0 0 0 0 0 0 0 0 0 1600 0 5000 0 0 0 0 0 0 0 0 0 0 0 1600 0 0 1600 
0 3000 0 0 5000 0 0 0 0 0 2000 0 0 0 0 0 5000 0 0 1200 0 0 0 0 0 0 0 0 3000 0 
0 0 5000 0 3000 0 0 0 0 0 0 0 0 0 0 0 0 0 0 0 0 0 0 0 0 0 0 0 1600 0 
0 0 0 0 0 0 0 0 0 0 0 0 0 0 0 0 0 0 0 0 0 0 0 0 0 0 0 0 0 0 
0 0 0 0 0 3000 0 0 0 0 1600 0 0 0 0 5000 0 0 1600 0 0 0 0 0 0 0 0 0 0 0 
0 1200 0 0 0 0 0 0 0 0 0 0 0 0 0 0 0 0 0 0 5000 0 1600 0 0 0 0 0 0 2000 
0 0 0 0 0 0 0 0 5000 0 0 0 0 0 0 0 0 0 0 3000 0 0 0 5000 0 0 0 0 0 0 
0 0 0 0 3000 0 0 0 0 0 0 0 0 0 0 0 0 0 0 0 0 0 0 0 1200 0 0 0 0 0 
0 0 0 0 0 0 2000 0 0 0 0 0 0 0 0 0 1600 0 0 0 1600 0 0 0 0 0 0 0 0 0 
0 0 0 0 0 0 0 0 0 0 0 0 0 0 0 0 0 0 0 0 1200 0 5000 5000 0 0 0 0 0 0 
0 0 0 0 0 0 0 0 0 0 0 0 5000 0 0 0 0 0 0 0 0 0 0 0 0 0 3000 0 0 0 
0 0 0 0 0 0 0 0 0 0 0 0 0 0 0 2000 0 0 0 0 2000 0 0 0 0 0 0 5000 0 0 
0 0 0 0 2000 0 0 0 0 0 0 0 0 0 0 0 0 0 3000 1200 0 0 0 0 0 1600 0 0 2000 0 
0 0 0 0 0 0 0 1600 0 0 0 0 0 0 0 0 0 0 0 0 5000 0 0 0 0 0 0 5000 1200 0 
0 0 0 0 5000 0 0 0 0 0 0 0 0 0 0 2000 0 0 0 0 0 0 0 0 0 0 0 0 0 0 
1600 0 0 0 0 0 0 0 1600 0 0 0 0 0 0 0 0 0 0 0 0 0 0 0 0 0 1200 0 0 0 
0 0 0 0 0 0 0 3000 0 0 0 0 0 0 0 0 0 0 0 0 0 0 0 0 0 0 0 0 0 0 
0 0 0 0 0 5000 0 0 0 3000 0 0 0 0 0 0 0 0 0 0 0 0 0 0 0 0 0 0 0 0 
0 0 0 0 0 0 0 5000 0 1200 2000 0 0 0 0 0 0 0 0 0 0 0 0 0 0 5000 0 0 0 0 
0 0 0 0 0 0 1200 0 0 0 0 0 0 0 0 0 0 0 0 0 0 1200 0 0 0 0 0 0 1200 0 
