5 20 30 88
0.1 1 1.2 ;0.1 2 5 ;0.3 6 2 ;0.2 5 1.2 ;0.1 3 5 ;
1 23 28 100.0 13.0 0.037673279953091554 4 3 5 2 1 
2 12 19 100.0 13.0 4.731438103834758 1 3 4 5 2 
3 19 16 50.0 13.0 0.8513209348199591 3 4 
4 24 3 50.0 13.0 3.4260565799179075 4 1 5 
5 4 1 50.0 13.0 1.2881741900448178 4 5 3 1 
6 27 13 100.0 13.0 2.015893708651501 4 3 
7 15 5 50.0 13.0 3.8869896509322457 3 2 
8 6 14 100.0 13.0 3.698606390857554 3 5 1 
9 13 10 100.0 13.0 4.077371207174822 5 4 3 2 1 
10 6 8 50.0 13.0 3.653577057299824 5 1 4 2 
11 28 3 100.0 13.0 1.5787974355677652 1 3 
12 18 23 50.0 13.0 0.4474982805176281 1 5 4 3 
13 24 2 100.0 13.0 2.333519506736627 2 1 5 3 
14 12 21 100.0 13.0 0.3095308255779028 4 5 1 3 
15 25 1 50.0 13.0 1.7291128589543865 5 3 2 1 4 
16 23 2 50.0 13.0 3.0388928809770572 4 2 
17 19 1 100.0 13.0 4.609875761780778 3 4 5 1 2 
18 21 2 100.0 13.0 2.713012557159571 3 4 5 1 
19 30 10 50.0 13.0 1.15069099913793 4 3 1 2 5 
20 23 30 50.0 13.0 1.8688845321152792 1 4 3 2 
0.44
32 6400 244 ;6.82 
16 24000 122 ;2.76 
16 320 30 ;0.84 
8 160 61 ;0.67 
32 6400 244 ;6.82 
16 24000 122 ;2.76 
16 320 122 ;1.33 
8 1600 61 ;1.71 
8 1600 61 ;1.71 
8 160 15 ;0.42 
32 6400 244 ;6.82 
36 116 48000 ;5.52 
32 640 60 ;1.68 
16 320 122 ;1.33 
32 640 244 ;2.66 
36 116 48000 ;5.52 
16 24000 122 ;2.76 
32 640 244 ;2.66 
8 1600 61 ;1.71 
32 640 244 ;2.66 
32 640 60 ;1.68 
32 640 244 ;2.66 
8 160 26 ;0.53 
32 6400 244 ;6.82 
16 3200 122 ;3.41 
8 160 61 ;0.67 
36 116 48000 ;5.52 
8 1600 61 ;1.71 
32 6400 244 ;6.82 
16 24000 122 ;2.76 
0 0 0 0 0 0 0 1600 0 0 0 0 0 0 1600 0 0 0 5000 0 0 0 0 0 0 0 0 0 2000 0 
0 0 0 0 0 0 0 0 0 0 0 0 0 0 0 1600 0 0 0 0 0 0 0 0 0 0 0 2000 0 0 
0 0 0 0 0 0 0 0 0 0 0 3000 0 0 0 0 0 0 1200 0 0 0 0 0 0 0 0 0 0 0 
0 0 0 0 0 0 0 0 0 0 0 3000 0 0 0 0 0 3000 0 0 0 0 0 0 0 5000 0 0 0 0 
0 1200 0 0 0 0 0 0 0 0 0 0 0 0 0 0 0 0 0 0 0 0 0 0 0 0 0 0 0 0 
0 0 0 0 0 0 0 0 0 3000 0 0 0 0 0 0 0 0 0 0 0 0 0 0 0 0 0 0 0 0 
0 0 0 0 0 3000 0 0 0 1200 5000 0 3000 0 0 0 0 0 0 2000 0 0 0 0 0 0 0 0 0 0 
0 5000 0 0 0 0 0 0 0 0 0 0 0 0 0 0 0 0 0 0 3000 0 0 0 0 0 0 0 0 0 
0 0 0 0 0 0 0 0 0 0 0 0 0 1600 1600 1200 2000 0 0 0 0 0 0 0 0 0 0 2000 0 0 
0 0 0 0 0 0 0 0 0 0 0 3000 0 1200 0 0 0 0 0 0 0 0 0 0 0 0 0 0 0 0 
0 0 0 0 0 0 0 0 0 0 0 0 1600 0 5000 0 0 0 0 0 0 0 0 0 0 0 1600 0 0 1600 
0 3000 0 0 5000 0 0 0 0 0 2000 0 0 0 0 0 5000 0 0 1200 0 0 0 0 0 0 0 0 3000 0 
0 0 5000 0 3000 0 0 0 0 0 0 0 0 0 0 0 0 0 0 0 0 0 0 0 0 0 0 0 1600 0 
0 0 0 0 0 0 0 0 0 0 0 0 0 0 0 0 0 0 0 0 0 0 0 0 0 0 0 0 0 0 
0 0 0 0 0 3000 0 0 0 0 1600 0 0 0 0 5000 0 0 1600 0 0 0 0 0 0 0 0 0 0 0 
0 1200 0 0 0 0 0 0 0 0 0 0 0 0 0 0 0 0 0 0 5000 0 1600 0 0 0 0 0 0 2000 
0 0 0 0 0 0 0 0 5000 0 0 0 0 0 0 0 0 0 0 3000 0 0 0 5000 0 0 0 0 0 0 
0 0 0 0 3000 0 0 0 0 0 0 0 0 0 0 0 0 0 0 0 0 0 0 0 1200 0 0 0 0 0 
0 0 0 0 0 0 2000 0 0 0 0 0 0 0 0 0 1600 0 0 0 1600 0 0 0 0 0 0 0 0 0 
0 0 0 0 0 0 0 0 0 0 0 0 0 0 0 0 0 0 0 0 1200 0 5000 5000 0 0 0 0 0 0 
0 0 0 0 0 0 0 0 0 0 0 0 5000 0 0 0 0 0 0 0 0 0 0 0 0 0 3000 0 0 0 
0 0 0 0 0 0 0 0 0 0 0 0 0 0 0 2000 0 0 0 0 2000 0 0 0 0 0 0 5000 0 0 
0 0 0 0 2000 0 0 0 0 0 0 0 0 0 0 0 0 0 3000 1200 0 0 0 0 0 1600 0 0 2000 0 
0 0 0 0 0 0 0 1600 0 0 0 0 0 0 0 0 0 0 0 0 5000 0 0 0 0 0 0 5000 1200 0 
0 0 0 0 5000 0 0 0 0 0 0 0 0 0 0 2000 0 0 0 0 0 0 0 0 0 0 0 0 0 0 
1600 0 0 0 0 0 0 0 1600 0 0 0 0 0 0 0 0 0 0 0 0 0 0 0 0 0 1200 0 0 0 
0 0 0 0 0 0 0 3000 0 0 0 0 0 0 0 0 0 0 0 0 0 0 0 0 0 0 0 0 0 0 
0 0 0 0 0 5000 0 0 0 3000 0 0 0 0 0 0 0 0 0 0 0 0 0 0 0 0 0 0 0 0 
0 0 0 0 0 0 0 5000 0 1200 2000 0 0 0 0 0 0 0 0 0 0 0 0 0 0 5000 0 0 0 0 
0 0 0 0 0 0 1200 0 0 0 0 0 0 0 0 0 0 0 0 0 0 1200 0 0 0 0 0 0 1200 0 
