5 35 36 2
6 50 20 ;6 50 20 ;6 50 20 ;6 50 20 ;6 50 20 ;
1 23 36 200.0 -1.0 2.689059339634138 3 5 2 
2 27 36 200.0 -1.0 1.1011657136511 2 1 5 
3 35 36 50.0 -1.0 2.165733890745515 4 3 1 2 
4 27 22 150.0 -1.0 1.3652032438968447 5 1 3 2 4 
5 32 23 150.0 -1.0 3.2776926942432167 5 1 4 
6 23 33 100.0 -1.0 0.8444418065561909 5 1 4 2 
7 32 36 100.0 -1.0 3.882069865245832 2 3 1 5 4 
8 29 24 100.0 -1.0 0.601467486619105 2 4 1 
9 28 35 100.0 -1.0 0.4179386685803932 4 3 2 5 
10 24 34 100.0 -1.0 2.968723046191044 1 4 2 3 
11 33 22 100.0 -1.0 2.7309103728347828 5 1 4 2 3 
12 26 32 200.0 -1.0 0.5554919838627181 2 1 5 4 3 
13 25 31 100.0 -1.0 0.9854967674506454 5 2 3 
14 32 31 200.0 -1.0 3.2947486300360667 3 4 1 
15 23 21 200.0 -1.0 4.92845754854727 3 5 4 
16 34 27 50.0 -1.0 2.608524027319698 5 3 1 4 2 
17 24 22 150.0 -1.0 2.759194699158001 3 1 2 
18 25 28 100.0 -1.0 2.2142159987113095 1 5 3 2 4 
19 21 30 50.0 -1.0 4.1662677371468835 3 5 4 1 
20 36 26 200.0 -1.0 3.914952235906466 3 5 1 4 2 
21 24 30 50.0 -1.0 4.871592896069186 3 4 5 
22 28 29 50.0 -1.0 2.3939831790146435 4 5 1 
23 21 22 150.0 -1.0 1.4873114626450656 3 4 2 1 
24 31 34 200.0 -1.0 2.006034742566895 1 5 2 3 4 
25 30 23 50.0 -1.0 4.7947484500445885 3 5 4 
26 28 26 100.0 -1.0 3.4364813134431174 1 3 4 2 5 
27 36 33 50.0 -1.0 4.421577835126106 2 5 3 4 1 
28 22 32 150.0 -1.0 1.584346720030712 2 5 1 4 
29 21 24 200.0 -1.0 2.825176043030906 4 2 1 3 5 
30 24 22 150.0 -1.0 0.3187762534972366 3 4 2 5 
31 27 32 100.0 -1.0 0.42371461949885003 5 4 3 
32 22 29 150.0 -1.0 1.1383360842286039 5 3 4 2 
33 25 22 150.0 -1.0 4.964464249230792 4 3 5 
34 31 29 100.0 -1.0 0.581018170206602 5 4 3 1 2 
35 35 29 100.0 -1.0 1.1713806385356584 3 5 4 2 1 
0.44
36 116 48000 ;5.52 
32 640 60 ;1.68 
32 640 60 ;1.68 
32 640 244 ;2.66 
36 116 48000 ;5.52 
32 640 60 ;1.68 
32 640 244 ;2.66 
32 640 60 ;1.68 
36 116 48000 ;5.52 
36 116 48000 ;5.52 
32 640 244 ;2.66 
32 640 244 ;2.66 
32 640 244 ;2.66 
32 640 244 ;2.66 
32 640 244 ;2.66 
32 640 244 ;2.66 
36 116 48000 ;5.52 
32 640 60 ;1.68 
32 640 60 ;1.68 
36 116 48000 ;5.52 
32 640 60 ;1.68 
36 116 48000 ;5.52 
32 640 60 ;1.68 
36 116 48000 ;5.52 
32 640 60 ;1.68 
32 640 60 ;1.68 
32 640 60 ;1.68 
36 116 48000 ;5.52 
32 640 60 ;1.68 
32 640 60 ;1.68 
32 640 60 ;1.68 
32 640 60 ;1.68 
36 116 48000 ;5.52 
32 640 244 ;2.66 
36 116 48000 ;5.52 
32 640 244 ;2.66 
0 0 0 0 1000 0 1000 0 1000 0 1000 0 0 0 0 0 0 0 0 0 0 0 0 0 0 0 0 0 0 0 0 0 0 0 0 0 
0 0 0 0 1000 0 1000 0 1000 0 1000 0 0 0 0 0 0 0 0 0 0 0 0 0 0 0 0 0 0 0 0 0 0 0 0 0 
0 0 0 0 0 1000 0 1000 0 1000 0 1000 0 0 0 0 0 0 0 0 0 0 0 0 0 0 0 0 0 0 0 0 0 0 0 0 
0 0 0 0 0 1000 0 1000 0 1000 0 1000 0 0 0 0 0 0 0 0 0 0 0 0 0 0 0 0 0 0 0 0 0 0 0 0 
0 0 0 0 0 0 0 0 0 0 0 0 500 500 0 0 0 0 0 0 0 0 0 0 0 0 0 0 0 0 0 0 0 0 0 0 
0 0 0 0 0 0 0 0 0 0 0 0 500 500 0 0 0 0 0 0 0 0 0 0 0 0 0 0 0 0 0 0 0 0 0 0 
0 0 0 0 0 0 0 0 0 0 0 0 0 0 500 500 0 0 0 0 0 0 0 0 0 0 0 0 0 0 0 0 0 0 0 0 
0 0 0 0 0 0 0 0 0 0 0 0 0 0 500 500 0 0 0 0 0 0 0 0 0 0 0 0 0 0 0 0 0 0 0 0 
0 0 0 0 0 0 0 0 0 0 0 0 0 0 0 0 500 500 0 0 0 0 0 0 0 0 0 0 0 0 0 0 0 0 0 0 
0 0 0 0 0 0 0 0 0 0 0 0 0 0 0 0 500 500 0 0 0 0 0 0 0 0 0 0 0 0 0 0 0 0 0 0 
0 0 0 0 0 0 0 0 0 0 0 0 0 0 0 0 0 0 500 500 0 0 0 0 0 0 0 0 0 0 0 0 0 0 0 0 
0 0 0 0 0 0 0 0 0 0 0 0 0 0 0 0 0 0 500 500 0 0 0 0 0 0 0 0 0 0 0 0 0 0 0 0 
0 0 0 0 0 0 0 0 0 0 0 0 0 0 0 0 0 0 0 0 500 500 0 0 0 0 0 0 0 0 0 0 0 0 0 0 
0 0 0 0 0 0 0 0 0 0 0 0 0 0 0 0 0 0 0 0 0 0 500 500 0 0 0 0 0 0 0 0 0 0 0 0 
0 0 0 0 0 0 0 0 0 0 0 0 0 0 0 0 0 0 0 0 0 0 0 0 500 500 0 0 0 0 0 0 0 0 0 0 
0 0 0 0 0 0 0 0 0 0 0 0 0 0 0 0 0 0 0 0 0 0 0 0 0 0 500 500 0 0 0 0 0 0 0 0 
0 0 0 0 0 0 0 0 0 0 0 0 0 0 0 0 0 0 0 0 0 0 0 0 0 0 0 0 500 500 0 0 0 0 0 0 
0 0 0 0 0 0 0 0 0 0 0 0 0 0 0 0 0 0 0 0 0 0 0 0 0 0 0 0 0 0 500 500 0 0 0 0 
0 0 0 0 0 0 0 0 0 0 0 0 0 0 0 0 0 0 0 0 0 0 0 0 0 0 0 0 0 0 0 0 500 500 0 0 
0 0 0 0 0 0 0 0 0 0 0 0 0 0 0 0 0 0 0 0 0 0 0 0 0 0 0 0 0 0 0 0 0 0 500 500 
0 0 0 0 0 0 0 0 0 0 0 0 0 0 0 0 0 0 0 0 0 0 0 0 0 0 0 0 0 0 0 0 0 0 0 0 
0 0 0 0 0 0 0 0 0 0 0 0 0 0 0 0 0 0 0 0 0 0 0 0 0 0 0 0 0 0 0 0 0 0 0 0 
0 0 0 0 0 0 0 0 0 0 0 0 0 0 0 0 0 0 0 0 0 0 0 0 0 0 0 0 0 0 0 0 0 0 0 0 
0 0 0 0 0 0 0 0 0 0 0 0 0 0 0 0 0 0 0 0 0 0 0 0 0 0 0 0 0 0 0 0 0 0 0 0 
0 0 0 0 0 0 0 0 0 0 0 0 0 0 0 0 0 0 0 0 0 0 0 0 0 0 0 0 0 0 0 0 0 0 0 0 
0 0 0 0 0 0 0 0 0 0 0 0 0 0 0 0 0 0 0 0 0 0 0 0 0 0 0 0 0 0 0 0 0 0 0 0 
0 0 0 0 0 0 0 0 0 0 0 0 0 0 0 0 0 0 0 0 0 0 0 0 0 0 0 0 0 0 0 0 0 0 0 0 
0 0 0 0 0 0 0 0 0 0 0 0 0 0 0 0 0 0 0 0 0 0 0 0 0 0 0 0 0 0 0 0 0 0 0 0 
0 0 0 0 0 0 0 0 0 0 0 0 0 0 0 0 0 0 0 0 0 0 0 0 0 0 0 0 0 0 0 0 0 0 0 0 
0 0 0 0 0 0 0 0 0 0 0 0 0 0 0 0 0 0 0 0 0 0 0 0 0 0 0 0 0 0 0 0 0 0 0 0 
0 0 0 0 0 0 0 0 0 0 0 0 0 0 0 0 0 0 0 0 0 0 0 0 0 0 0 0 0 0 0 0 0 0 0 0 
0 0 0 0 0 0 0 0 0 0 0 0 0 0 0 0 0 0 0 0 0 0 0 0 0 0 0 0 0 0 0 0 0 0 0 0 
0 0 0 0 0 0 0 0 0 0 0 0 0 0 0 0 0 0 0 0 0 0 0 0 0 0 0 0 0 0 0 0 0 0 0 0 
0 0 0 0 0 0 0 0 0 0 0 0 0 0 0 0 0 0 0 0 0 0 0 0 0 0 0 0 0 0 0 0 0 0 0 0 
0 0 0 0 0 0 0 0 0 0 0 0 0 0 0 0 0 0 0 0 0 0 0 0 0 0 0 0 0 0 0 0 0 0 0 0 
0 0 0 0 0 0 0 0 0 0 0 0 0 0 0 0 0 0 0 0 0 0 0 0 0 0 0 0 0 0 0 0 0 0 0 0 
