5 45 36 2
6 50 20 ;6 50 20 ;6 50 20 ;6 50 20 ;6 50 20 ;
1 31 32 150.0 -1.0 0.1643111234052319 1 2 3 5 4 
2 23 24 150.0 -1.0 3.9409216683828796 3 1 2 4 
3 21 27 100.0 -1.0 3.3422788917311896 1 3 5 
4 31 21 150.0 -1.0 2.249965388005161 4 1 2 
5 32 36 150.0 -1.0 0.13056649334051373 2 1 5 3 
6 22 26 200.0 -1.0 0.5608358456057139 2 3 5 4 1 
7 29 22 150.0 -1.0 3.283146556924081 4 5 2 1 
8 24 32 50.0 -1.0 1.9071809283482728 5 3 4 2 
9 36 34 200.0 -1.0 4.258923431886853 2 4 3 1 5 
10 29 35 200.0 -1.0 2.9692184056291238 3 2 5 1 
11 24 29 50.0 -1.0 2.3424729533404243 1 4 2 5 3 
12 31 36 100.0 -1.0 3.2538533162003858 5 4 2 3 
13 30 23 50.0 -1.0 1.4760384200101218 3 2 5 4 1 
14 36 31 200.0 -1.0 2.6532754892662336 1 4 2 3 
15 30 23 50.0 -1.0 4.6645588190339575 2 3 4 5 
16 32 30 50.0 -1.0 3.8203370510641186 4 1 3 5 2 
17 28 25 150.0 -1.0 4.46064609315382 1 5 2 3 4 
18 26 23 50.0 -1.0 4.921046956255986 4 5 3 1 
19 22 25 150.0 -1.0 2.2467018464413036 2 5 1 4 3 
20 24 22 150.0 -1.0 4.284546191982344 4 3 1 5 2 
21 26 27 150.0 -1.0 3.690624561749501 3 4 1 2 
22 21 24 50.0 -1.0 4.167197681038877 2 3 1 4 
23 36 35 150.0 -1.0 0.07631022150400346 5 1 4 
24 32 23 150.0 -1.0 4.710041930120453 3 1 5 2 4 
25 26 23 100.0 -1.0 0.1729200586423213 1 4 2 5 
26 31 36 50.0 -1.0 1.5207632558968098 5 4 1 2 
27 25 28 100.0 -1.0 2.5928000179381447 5 3 4 
28 31 30 50.0 -1.0 2.780111300333015 5 4 1 2 3 
29 26 30 200.0 -1.0 4.0400874540816805 1 2 4 
30 21 24 150.0 -1.0 1.3532102899573335 3 4 2 5 
31 32 22 200.0 -1.0 3.9972924074111225 4 1 5 
32 21 25 150.0 -1.0 4.18546935767231 1 2 5 
33 21 28 150.0 -1.0 0.6661887712738029 3 2 5 4 1 
34 34 26 150.0 -1.0 1.0314738474906315 4 1 5 3 
35 26 25 150.0 -1.0 3.6042826326250488 4 5 2 1 
36 36 32 50.0 -1.0 4.848677242352972 1 2 4 
37 28 23 50.0 -1.0 3.6279951514290314 4 3 2 
38 26 31 200.0 -1.0 3.9199245485558794 5 2 1 4 3 
39 31 24 150.0 -1.0 3.4385468190387436 1 4 2 5 
40 23 26 50.0 -1.0 1.2304578652644156 1 2 3 4 5 
41 33 24 200.0 -1.0 1.9704686025743983 5 4 2 3 
42 22 33 200.0 -1.0 4.957609569904889 1 5 4 3 
43 30 27 150.0 -1.0 4.652681033582269 1 4 3 5 
44 25 21 50.0 -1.0 4.825997176812922 4 1 2 5 3 
45 34 28 150.0 -1.0 4.302635119527654 3 2 4 5 
0.44
36 116 48000 ;5.52 
32 640 60 ;1.68 
32 640 60 ;1.68 
32 640 244 ;2.66 
36 116 48000 ;5.52 
32 640 60 ;1.68 
32 640 244 ;2.66 
32 640 60 ;1.68 
36 116 48000 ;5.52 
36 116 48000 ;5.52 
32 640 244 ;2.66 
32 640 244 ;2.66 
32 640 244 ;2.66 
32 640 244 ;2.66 
32 640 244 ;2.66 
32 640 244 ;2.66 
36 116 48000 ;5.52 
32 640 60 ;1.68 
32 640 60 ;1.68 
36 116 48000 ;5.52 
32 640 60 ;1.68 
36 116 48000 ;5.52 
32 640 60 ;1.68 
36 116 48000 ;5.52 
32 640 60 ;1.68 
32 640 60 ;1.68 
32 640 60 ;1.68 
36 116 48000 ;5.52 
32 640 60 ;1.68 
32 640 60 ;1.68 
32 640 60 ;1.68 
32 640 60 ;1.68 
36 116 48000 ;5.52 
32 640 244 ;2.66 
36 116 48000 ;5.52 
32 640 244 ;2.66 
0 0 0 0 1000 0 1000 0 1000 0 1000 0 0 0 0 0 0 0 0 0 0 0 0 0 0 0 0 0 0 0 0 0 0 0 0 0 
0 0 0 0 1000 0 1000 0 1000 0 1000 0 0 0 0 0 0 0 0 0 0 0 0 0 0 0 0 0 0 0 0 0 0 0 0 0 
0 0 0 0 0 1000 0 1000 0 1000 0 1000 0 0 0 0 0 0 0 0 0 0 0 0 0 0 0 0 0 0 0 0 0 0 0 0 
0 0 0 0 0 1000 0 1000 0 1000 0 1000 0 0 0 0 0 0 0 0 0 0 0 0 0 0 0 0 0 0 0 0 0 0 0 0 
0 0 0 0 0 0 0 0 0 0 0 0 500 500 0 0 0 0 0 0 0 0 0 0 0 0 0 0 0 0 0 0 0 0 0 0 
0 0 0 0 0 0 0 0 0 0 0 0 500 500 0 0 0 0 0 0 0 0 0 0 0 0 0 0 0 0 0 0 0 0 0 0 
0 0 0 0 0 0 0 0 0 0 0 0 0 0 500 500 0 0 0 0 0 0 0 0 0 0 0 0 0 0 0 0 0 0 0 0 
0 0 0 0 0 0 0 0 0 0 0 0 0 0 500 500 0 0 0 0 0 0 0 0 0 0 0 0 0 0 0 0 0 0 0 0 
0 0 0 0 0 0 0 0 0 0 0 0 0 0 0 0 500 500 0 0 0 0 0 0 0 0 0 0 0 0 0 0 0 0 0 0 
0 0 0 0 0 0 0 0 0 0 0 0 0 0 0 0 500 500 0 0 0 0 0 0 0 0 0 0 0 0 0 0 0 0 0 0 
0 0 0 0 0 0 0 0 0 0 0 0 0 0 0 0 0 0 500 500 0 0 0 0 0 0 0 0 0 0 0 0 0 0 0 0 
0 0 0 0 0 0 0 0 0 0 0 0 0 0 0 0 0 0 500 500 0 0 0 0 0 0 0 0 0 0 0 0 0 0 0 0 
0 0 0 0 0 0 0 0 0 0 0 0 0 0 0 0 0 0 0 0 500 500 0 0 0 0 0 0 0 0 0 0 0 0 0 0 
0 0 0 0 0 0 0 0 0 0 0 0 0 0 0 0 0 0 0 0 0 0 500 500 0 0 0 0 0 0 0 0 0 0 0 0 
0 0 0 0 0 0 0 0 0 0 0 0 0 0 0 0 0 0 0 0 0 0 0 0 500 500 0 0 0 0 0 0 0 0 0 0 
0 0 0 0 0 0 0 0 0 0 0 0 0 0 0 0 0 0 0 0 0 0 0 0 0 0 500 500 0 0 0 0 0 0 0 0 
0 0 0 0 0 0 0 0 0 0 0 0 0 0 0 0 0 0 0 0 0 0 0 0 0 0 0 0 500 500 0 0 0 0 0 0 
0 0 0 0 0 0 0 0 0 0 0 0 0 0 0 0 0 0 0 0 0 0 0 0 0 0 0 0 0 0 500 500 0 0 0 0 
0 0 0 0 0 0 0 0 0 0 0 0 0 0 0 0 0 0 0 0 0 0 0 0 0 0 0 0 0 0 0 0 500 500 0 0 
0 0 0 0 0 0 0 0 0 0 0 0 0 0 0 0 0 0 0 0 0 0 0 0 0 0 0 0 0 0 0 0 0 0 500 500 
0 0 0 0 0 0 0 0 0 0 0 0 0 0 0 0 0 0 0 0 0 0 0 0 0 0 0 0 0 0 0 0 0 0 0 0 
0 0 0 0 0 0 0 0 0 0 0 0 0 0 0 0 0 0 0 0 0 0 0 0 0 0 0 0 0 0 0 0 0 0 0 0 
0 0 0 0 0 0 0 0 0 0 0 0 0 0 0 0 0 0 0 0 0 0 0 0 0 0 0 0 0 0 0 0 0 0 0 0 
0 0 0 0 0 0 0 0 0 0 0 0 0 0 0 0 0 0 0 0 0 0 0 0 0 0 0 0 0 0 0 0 0 0 0 0 
0 0 0 0 0 0 0 0 0 0 0 0 0 0 0 0 0 0 0 0 0 0 0 0 0 0 0 0 0 0 0 0 0 0 0 0 
0 0 0 0 0 0 0 0 0 0 0 0 0 0 0 0 0 0 0 0 0 0 0 0 0 0 0 0 0 0 0 0 0 0 0 0 
0 0 0 0 0 0 0 0 0 0 0 0 0 0 0 0 0 0 0 0 0 0 0 0 0 0 0 0 0 0 0 0 0 0 0 0 
0 0 0 0 0 0 0 0 0 0 0 0 0 0 0 0 0 0 0 0 0 0 0 0 0 0 0 0 0 0 0 0 0 0 0 0 
0 0 0 0 0 0 0 0 0 0 0 0 0 0 0 0 0 0 0 0 0 0 0 0 0 0 0 0 0 0 0 0 0 0 0 0 
0 0 0 0 0 0 0 0 0 0 0 0 0 0 0 0 0 0 0 0 0 0 0 0 0 0 0 0 0 0 0 0 0 0 0 0 
0 0 0 0 0 0 0 0 0 0 0 0 0 0 0 0 0 0 0 0 0 0 0 0 0 0 0 0 0 0 0 0 0 0 0 0 
0 0 0 0 0 0 0 0 0 0 0 0 0 0 0 0 0 0 0 0 0 0 0 0 0 0 0 0 0 0 0 0 0 0 0 0 
0 0 0 0 0 0 0 0 0 0 0 0 0 0 0 0 0 0 0 0 0 0 0 0 0 0 0 0 0 0 0 0 0 0 0 0 
0 0 0 0 0 0 0 0 0 0 0 0 0 0 0 0 0 0 0 0 0 0 0 0 0 0 0 0 0 0 0 0 0 0 0 0 
0 0 0 0 0 0 0 0 0 0 0 0 0 0 0 0 0 0 0 0 0 0 0 0 0 0 0 0 0 0 0 0 0 0 0 0 
0 0 0 0 0 0 0 0 0 0 0 0 0 0 0 0 0 0 0 0 0 0 0 0 0 0 0 0 0 0 0 0 0 0 0 0 
