[45, 76, 47, 111, 15, 83, 11, ]
[24, 70, 21, 85, 9, 81, 1, ]
[12, 67, 10, 86, 22, ]
[51, 77, 50, 98, 18, 86, 10, ]
[48, 112, 16, 84, 12, 108, 60, ]
[53, 78, 56, 104, 24, 92, 28, ]
[29, 72, 30, 110, 46, ]
[60, 79, 57, 105, 25, 93, 37, ]
[39, 74, 37, 101, 21, 85, 13, ]
[47, 76, 48, 112, 32, 92, 24, ]
[5, 66, 6, 82, 14, ]
[5, 66, 8, 104, 40, 96, 36, ]
[62, 80, 61, 109, 13, 81, 1, ]
[2, 65, 3, 99, 51, ]
[21, 70, 23, 87, 11, 83, 3, ]
[38, 74, 40, 96, 36, ]
[18, 90, 26, ]
[64, 80, 63, 111, 31, 95, 39, ]
[36, 96, 28, ]
[44, 108, 12, 84, 16, 112, 64, ]
[23, 87, 11, 107, 59, ]
[24, 70, 23, 103, 7, ]
[20, 92, 28, ]
[60, 79, 58, 106, 26, 90, 30, ]
[27, 71, 28, 96, 36, 100, 4, ]
[7, 66, 5, 81, 9, 105, 41, ]
[64, 112, 16, 84, 4, ]
[64, 80, 63, 111, 15, ]
[31, 72, 32, 96, 36, 100, 52, ]
[2, 65, 1, 81, 5, ]
[16, 68, 15, 83, 3, ]
[7, 83, 3, 99, 35, ]
[37, 74, 38, 102, 6, 82, 2, ]
[28, 71, 26, 106, 10, ]
[43, 75, 41, 105, 25, 93, 33, ]
[49, 77, 50, 98, 18, 86, 10, ]
[13, 81, 9, 105, 41, ]
[13, 68, 14, 82, 6, 102, 38, ]
[25, 71, 27, 91, 31, 111, 47, ]
[9, 67, 12, 84, 16, 112, 64, ]
Runtime (mS): 20
Value bandwidth: 317.23999999999944