[36, 73, 33, 93, 25, 105, 41, ]
[49, 77, 52, 100, 36, 96, 40, 104, 56, ]
[53, 78, 55, 103, 7, ]
[34, 73, 35, 95, 31, 111, 63, ]
[44, 108, 12, 84, 8, ]
[61, 80, 63, 111, 31, 91, 23, 103, 55, ]
[8, 66, 6, 82, 14, 110, 62, ]
[12, 67, 10, 106, 26, ]
[42, 75, 44, 108, 28, 96, 40, ]
[22, 70, 24, 88, 20, 100, 52, ]
[25, 89, 29, ]
[64, 80, 62, 110, 30, 90, 22, 102, 54, ]
[39, 103, 7, 83, 15, ]
[58, 79, 59, 107, 27, 91, 31, ]
[18, 69, 17, 85, 21, ]
[12, 67, 9, 81, 5, 101, 53, ]
[59, 79, 57, 105, 25, 93, 37, ]
[55, 78, 56, 104, 24, 92, 20, ]
[24, 70, 22, 86, 10, ]
[23, 91, 31, 111, 63, ]
[35, 73, 34, 98, 18, ]
[54, 102, 38, ]
[26, 94, 38, ]
[44, 108, 28, 96, 36, 100, 52, ]
[44, 75, 43, 107, 27, 91, 23, 103, 55, ]
[5, 66, 6, 102, 38, 94, 34, ]
[22, 70, 21, 89, 25, ]
[48, 76, 45, 109, 29, 89, 17, ]
[6, 66, 5, 81, 9, 105, 41, ]
[24, 70, 23, 103, 7, ]
[64, 112, 32, 96, 40, ]
[60, 79, 58, ]
[64, 112, 32, 96, 36, 100, 52, ]
[24, 70, 23, 91, 27, 107, 43, ]
[52, 77, 51, 99, 3, 83, 15, ]
[62, 80, 64, 112, 32, 96, 40, ]
[57, 79, 58, 106, 10, 82, 14, 110, 46, ]
[48, 76, 47, 111, 31, 91, 23, 103, 55, ]
[15, 87, 23, ]
[47, 111, 15, 83, 3, ]
[12, 67, 9, ]
[10, 67, 11, 83, 15, ]
[14, 68, 15, 87, 19, 99, 35, ]
[38, 102, 6, 82, 2, ]
[14, 68, 16, 112, 32, ]
Runtime (mS): 31
Value bandwidth: 370.9199999999994