[35, 95, 27, 107, 59, ]
[16, 88, 24, 104, 40, ]
[51, 77, 49, 97, 33, 93, 29, ]
[39, 74, 38, 102, 6, ]
[10, 67, 12, 108, 44, ]
[62, 80, 64, ]
[23, 87, 11, 107, 59, ]
[26, 71, 27, 91, 31, 111, 63, ]
[43, 107, 27, 91, 31, ]
[21, 70, 22, 102, 38, ]
[37, 74, 40, 96, 32, 112, 16, ]
[2, 65, 1, 97, 17, ]
[33, 73, 34, 98, 50, ]
[30, 72, 29, 109, 61, ]
[55, 78, 56, 104, 8, 84, 16, 112, 64, ]
[38, 74, 39, 95, 27, 107, 11, ]
[3, 65, 1, 81, 9, ]
[17, 69, 18, 98, 50, ]
[33, 73, 36, ]
[41, 75, 43, 107, 27, 91, 31, ]
Runtime (mS): 61
Value bandwidth: 134.64000000000004