[63, 80, 62, 110, 30, 90, 18, ]
[26, 71, 25, 105, 9, ]
[52, 100, 36, 96, 28, 108, 44, ]
[22, 70, 23, 87, 15, 111, 47, ]
[50, 77, 52, 100, 4, 84, 12, ]
[24, 92, 32, 96, 36, ]
[46, 110, 14, 82, 10, 106, 42, ]
[10, 67, 9, 81, 5, ]
[60, 79, 57, ]
[45, 109, 13, 81, 9, ]
[9, 81, 13, 109, 61, ]
[16, 68, 15, 87, 23, 91, 27, ]
[49, 77, 51, 99, 19, 87, 15, 111, 47, ]
[63, 80, 62, 110, 30, 90, 26, 106, 58, ]
[1, 65, 2, 98, 34, 94, 38, ]
[1, 65, 2, 98, 34, 94, 38, ]
[5, 66, 8, 84, 12, 108, 60, ]
[58, 106, 26, 94, 34, ]
[36, 73, 35, 95, 27, 107, 11, ]
[53, 78, 56, 104, 24, 92, 28, 108, 60, ]
[18, 86, 10, 82, 6, ]
[59, 79, 60, 108, 28, 92, 32, 112, 48, ]
[4, 100, 20, 92, 28, ]
[43, 75, 44, 108, 28, 96, 40, ]
[13, 68, 15, 83, 11, 107, 43, ]
Runtime (mS): 41
Value bandwidth: 236.27999999999955