[29, 109, 13, ]
[14, 68, 15, 83, 11, ]
[19, 99, 3, ]
[61, 109, 13, ]
[54, 78, 53, ]
[2, 65, 3, 83, 15, 111, 63, ]
[4, 84, 16, 112, 48, ]
[4, 100, 20, 88, 24, ]
[7, 66, 8, 104, 56, ]
[21, 85, 9, 105, 41, ]
[32, 72, 30, 94, 34, ]
[21, 70, 23, 87, 19, 99, 51, ]
[6, 66, 5, 101, 53, ]
[12, 67, 9, 105, 25, ]
[63, 111, 15, 83, 11, ]
[19, 69, 18, 98, 2, ]
[31, 72, 32, 112, 16, ]
[8, 66, 6, 102, 38, 94, 34, ]
[28, 71, 25, 89, 21, 101, 5, ]
[29, 72, 32, 96, 36, 100, 4, ]
[2, 98, 18, 86, 22, ]
[30, 72, 32, 92, 28, 108, 44, ]
[31, 72, 32, 92, 20, ]
[28, 71, 27, 95, 39, 103, 55, ]
[60, 108, 28, 92, 32, ]
[28, 71, 27, 107, 11, ]
[40, 74, 38, 102, 54, ]
[40, 74, 37, 101, 21, 85, 17, ]
[49, 77, 50, 98, 2, 82, 6, 102, 54, ]
[43, 75, 42, 106, 26, 90, 30, 110, 46, ]
[52, 77, 51, 99, 19, 91, 31, ]
[39, 74, 38, 94, 26, 106, 10, ]
[30, 72, 31, 95, 35, 99, 3, ]
[50, 98, 2, 82, 6, ]
[27, 71, 26, 106, 10, ]
Runtime (mS): 52
Value bandwidth: 257.3999999999994