[15, 68, 13, 85, 17, 97, 33, ]
[60, 79, 57, 105, 9, 81, 5, ]
[59, 79, 58, 106, 10, 82, 6, ]
[8, 66, 5, 81, 13, 109, 61, ]
[35, 73, 36, 100, 4, 84, 8, ]
[51, 77, 52, 100, 36, 96, 40, ]
[50, 77, 49, 97, 1, 81, 5, ]
[28, 96, 40, ]
[47, 76, 45, 109, 13, 81, 9, 105, 41, ]
[27, 71, 28, 108, 60, ]
[1, 65, 4, 84, 16, ]
[30, 72, 32, 112, 16, ]
[24, 70, 23, 87, 19, 99, 3, ]
[39, 95, 27, 107, 43, ]
[38, 74, 37, ]
[18, 69, 17, 85, 13, ]
[23, 70, 22, 86, 14, 110, 46, ]
[25, 71, 26, 94, 34, ]
[59, 107, 27, 95, 35, ]
[27, 107, 43, ]
[55, 78, 56, 104, 24, 92, 28, 108, 60, ]
[32, 72, 31, 111, 63, ]
[22, 90, 30, 110, 62, ]
[26, 71, 25, 89, 29, 109, 45, ]
[6, 66, 7, 83, 11, 107, 43, ]
[54, 102, 38, 94, 30, ]
[3, 65, 4, ]
[29, 109, 45, ]
[24, 70, 22, 86, 10, 82, 2, ]
[11, 67, 12, 84, 16, ]
Runtime (mS): 46
Value bandwidth: 221.3199999999996