[28, 16, 8, 3, 6, 13, 22, ]
[36, 20, 12, 3, 8, 15, 26, ]
[22, 13, 6, 3, 8, 16, 28, ]
[21, 13, 6, 3, 10, 18, 31, ]
[24, 14, 5, 1, 11, 20, 35, ]
[22, 13, 6, 3, 8, 15, 26, ]
[21, 13, 5, 1, 11, 19, 33, ]
[23, 14, 6, 3, 8, 16, 28, ]
[33, 19, 12, 3, 6, 14, 24, ]
[29, 17, 10, 3, 8, 15, 25, ]
[35, 20, 11, 1, 9, 18, 31, ]
[35, 20, 11, 1, 9, 17, 30, ]
[27, 16, 8, 3, 10, 18, 31, ]
[21, 13, 6, 3, 10, 17, 30, ]
[36, 20, 11, 19, 33, ]
[31, 18, 10, 3, 8, 16, 27, ]
[25, 15, 8, 3, 6, 13, 22, ]
[23, 14, 6, 3, 10, 17, 30, ]
[36, 20, 11, 19, 33, ]
[25, 15, 8, 3, 10, 17, 29, ]
[30, 17, 10, 3, 8, 16, 28, ]
[32, 18, 9, 17, 30, ]
[31, 18, 10, 3, 6, 13, 22, ]
[35, 20, 11, 1, 9, 17, 29, ]
[21, 13, 6, 3, 10, 17, 29, ]
[21, 13, 6, 3, 8, 16, 28, ]
[31, 18, 10, 3, 8, 16, 27, ]
[32, 18, 10, 3, 8, 16, 27, ]
[30, 17, 10, 3, 8, 16, 28, ]
[30, 17, 29, ]
Runtime (mS): 26
Value bandwidth: 255.19999999999942