[34, 19, 12, 3, 8, 16, 28, ]
[33, 19, 12, 3, 8, 16, 27, ]
[32, 18, 9, 1, 11, 19, 34, ]
[36, 20, 12, 3, 8, 16, 28, ]
[22, 13, 6, 3, 10, 17, 30, ]
[33, 19, 12, 3, 8, 15, 25, ]
[23, 14, 5, 13, 21, ]
[26, 15, 7, 1, 11, 19, 33, ]
[24, 14, 5, 13, 22, ]
[27, 16, 7, 1, 11, 20, 35, ]
[34, 19, 12, 3, 6, 13, 22, ]
[24, 14, 5, 13, 22, ]
[26, 15, 7, 1, 11, 19, 33, ]
[21, 13, 5, 1, 11, 19, 33, ]
[32, 18, 10, 3, 6, 14, 24, ]
[27, 16, 8, 3, 10, 18, 32, ]
[21, 13, 6, 3, 10, 17, 29, ]
[23, 14, 6, 3, 10, 18, 31, ]
[36, 20, 11, 1, 9, 17, 29, ]
[34, 19, 12, 3, 6, 13, 22, ]
[28, 16, 27, ]
[23, 14, 6, 3, 8, 15, 26, ]
[23, 14, 5, 1, 11, 19, 33, ]
[24, 14, 6, 3, 10, 17, 29, ]
[21, 13, 5, 1, 11, 19, 33, ]
Runtime (mS): 23
Value bandwidth: 208.99999999999966