[32, 18, 10, 3, 6, 13, 22, ]
[33, 19, 12, 3, 6, 13, 21, ]
[21, 13, 22, ]
[27, 16, 7, 1, 11, 19, 34, ]
[25, 15, 8, 3, 6, 13, 21, ]
[21, 13, 5, 1, 11, 20, 35, ]
[29, 17, 9, 18, 31, ]
[33, 19, 12, 3, 6, 14, 24, ]
[26, 15, 8, 3, 6, 14, 24, ]
[24, 14, 5, 13, 22, ]
[36, 20, 11, 1, 9, 17, 30, ]
[30, 17, 10, 3, 8, 16, 27, ]
[25, 15, 7, 1, 11, 20, 36, ]
[29, 17, 10, 3, 6, 14, 24, ]
[28, 16, 8, 3, 10, 17, 29, ]
[35, 20, 12, 3, 8, 15, 26, ]
[31, 18, 10, 3, 6, 14, 24, ]
[25, 15, 7, 16, 27, ]
[28, 16, 8, 3, 6, 13, 21, ]
[21, 13, 5, 14, 23, ]
[29, 17, 10, 3, 6, 13, 22, ]
[22, 13, 5, 1, 11, 20, 35, ]
[22, 13, 21, ]
[24, 14, 6, 3, 10, 17, 29, ]
[35, 20, 12, 3, 6, 13, 21, ]
[35, 20, 11, 1, 9, 18, 32, ]
[33, 19, 12, 3, 8, 15, 25, ]
[22, 13, 5, 1, 11, 19, 34, ]
[31, 18, 10, 3, 8, 16, 28, ]
[21, 13, 6, 3, 10, 17, 30, ]
[29, 17, 9, 1, 11, 20, 35, ]
[33, 19, 12, 3, 8, 15, 25, ]
[21, 13, 6, 3, 10, 17, 29, ]
[26, 15, 7, 1, 11, 20, 35, ]
[29, 17, 9, 18, 32, ]
[22, 13, 6, 3, 10, 17, 30, ]
[21, 13, 5, 1, 11, 20, 35, ]
[26, 15, 7, 1, 11, 20, 35, ]
[23, 14, 5, 13, 22, ]
[24, 14, 6, 3, 10, 18, 32, ]
[36, 20, 11, 1, 9, 17, 29, ]
[24, 14, 5, 1, 11, 19, 34, ]
[22, 13, 6, 3, 8, 15, 26, ]
[36, 20, 11, 19, 34, ]
[31, 18, 10, 3, 6, 13, 21, ]
Runtime (mS): 7
Value bandwidth: 367.39999999999964