[32, 18, 9, 1, 11, 20, 35, ]
[25, 15, 8, 3, 10, 17, 30, ]
[22, 13, 5, 14, 24, ]
[21, 13, 5, 14, 23, ]
[26, 15, 7, 16, 27, ]
[26, 15, 8, 3, 10, 17, 30, ]
[28, 16, 27, ]
[28, 16, 7, 15, 26, ]
[24, 14, 5, 1, 11, 20, 36, ]
[35, 20, 11, 1, 9, 18, 32, ]
[26, 15, 8, 3, 10, 17, 29, ]
[31, 18, 10, 3, 8, 15, 25, ]
[36, 20, 35, ]
[33, 19, 12, 3, 8, 16, 28, ]
[34, 19, 12, 3, 6, 14, 24, ]
[27, 16, 7, 15, 25, ]
[23, 14, 6, 3, 8, 15, 25, ]
[36, 20, 12, 3, 6, 14, 23, ]
[23, 14, 5, 1, 11, 19, 33, ]
[23, 14, 6, 3, 8, 16, 27, ]
[35, 20, 12, 3, 6, 13, 22, ]
[34, 19, 12, 3, 6, 14, 24, ]
[35, 20, 12, 3, 6, 14, 24, ]
[22, 13, 6, 3, 8, 15, 26, ]
[36, 20, 12, 3, 8, 15, 25, ]
[22, 13, 6, 3, 8, 16, 27, ]
[23, 14, 5, 1, 11, 19, 34, ]
[34, 19, 11, 1, 9, 18, 32, ]
[30, 17, 10, 3, 8, 16, 28, ]
[35, 20, 12, 3, 8, 15, 25, ]
[31, 18, 10, 3, 6, 14, 24, ]
[24, 14, 5, 13, 22, ]
[29, 17, 10, 3, 8, 15, 25, ]
[31, 18, 10, 3, 8, 15, 26, ]
[30, 17, 9, 1, 11, 19, 34, ]
Runtime (mS): 16
Value bandwidth: 279.39999999999947