[34, 19, 11, 1, 9, 18, 32, ]
[27, 16, 28, ]
[21, 13, 22, ]
[36, 20, 12, 3, 6, 14, 23, ]
[35, 20, 12, 3, 8, 16, 27, ]
[21, 13, 5, 1, 11, 19, 33, ]
[32, 18, 9, 17, 30, ]
[26, 15, 7, 1, 11, 19, 33, ]
[28, 16, 8, 3, 10, 17, 29, ]
[34, 19, 11, 1, 9, 17, 29, ]
[29, 17, 9, 18, 31, ]
[31, 18, 10, 3, 6, 14, 24, ]
[33, 19, 12, 3, 8, 15, 26, ]
[31, 18, 10, 3, 8, 15, 26, ]
[30, 17, 10, 3, 8, 15, 26, ]
[23, 14, 6, 3, 10, 18, 31, ]
[32, 18, 10, 3, 8, 16, 27, ]
[27, 16, 8, 3, 10, 17, 29, ]
[34, 19, 11, 20, 35, ]
[24, 14, 5, 1, 11, 19, 33, ]
Runtime (mS): 35
Value bandwidth: 153.99999999999994